SBS1	SBS2.13	SBS3	SBS4	SBS5	SBS6	SBS7	SBS8	SBS11	SBS14	SBS17	SBS18	SBS26	SBS120
A[C>A]A	0.0113702893010133	0.00629167195337822	0.0183154138499227	0.0406662822983207	0.0139792790605132	2.2085674291703e-14	0.000787007123259045	0.0308823811963488	0.000215093553752083	0.000126803770685298	0.00266587309018216	0.0332181632836874	0.0121106714006212	0.0109438869216173
A[C>A]C	0.00780417017414911	0.00140047693076188	0.0126039298326592	0.0234192970038875	0.0107275775599838	0.00054270982621292	0.000278521409175554	0.0287992494125398	0.000387681487065768	0.00350009117780149	0.00140343093614101	0.011581094304364	0.00961144594177384	0.00683890264641829
A[C>A]G	0.00120729272259002	0.00478631452734486	0.00209529191277305	0.00996580754125347	0.00233504048916969	7.22906916721811e-230	5.44637694756618e-05	0.00360939318867736	3.32814271061941e-115	4.7637936830187e-05	0.000412545431120889	0.00242370059561922	0.000516069776164124	0.00104189808791501
A[C>A]T	0.00770353265927629	0.000823710527879703	0.014746319387711	0.0270174537292626	0.0082289796031863	0.00101120388826138	0.0005934616167491	0.0322876877151757	0.000506370171091373	0.0267027346113227	0.00128600307183093	0.0109528416854117	0.0111461472086102	0.00916710982723841
C[C>A]A	0.00590333460118172	0.0255413090633802	0.00705342666663396	0.0570892929467449	0.00749762461749029	0.00381923626078385	0.0015566442985316	0.0234930299695164	0.000477806295677367	0.0044890543968898	0.000938468471659278	0.0301831647917934	0.00804412808109113	0.00614435461203567
C[C>A]C	0.00682262359996591	0.0187101964787375	0.00842187664583236	0.050589346953548	0.00573868182568775	0.00526025793336549	0.00086263557756339	0.0249963060789694	0.000715784247555011	0.0059254938663829	0.00184241702140606	0.013679558385799	0.00923037449351376	0.00250268327212346
C[C>A]G	0.000710020560721826	0.00698028803747487	0.000268009225740661	0.0113568215257111	0.00137257063441409	0.00102144316785519	0.000177052510568738	0.00220304433053386	3.70247979522939e-05	0.000779831800575392	0.000107055336217502	0.00330113723085715	0.00173821124815793	0.00126212609890291
C[C>A]T	0.00615018397075337	0.0226221094560703	0.0107003867239819	0.0473881254576122	0.0052505081425115	0.0180021116114795	0.0010400553930564	0.0270633926876304	0.000925452748310985	0.0719136708760539	0.00071852075253316	0.030543539569111	0.0200455487940185	0.0049910749475226
G[C>A]A	0.00373762833781116	0.0113038720985164	0.0104332389960817	0.0278596019814512	0.00582752349836681	0.000557095908963709	0.000341474479459074	0.0122065436069167	0.000146218681666968	0.00152047738479089	0.00201171398137636	0.0502941823370886	0.00294179538404698	0.00569795224934188
G[C>A]C	0.00237409988541693	0.00696774071663188	0.00668261270255228	0.0250143212863965	0.00617270762945836	0.00156452069242714	0.000112082090630821	0.0120010584272146	0.000218067764503697	0.00749516175531865	0.00120756809147791	0.0225250111510236	0.00434118678325725	0.00314351528179472
G[C>A]G	0.000465261108776972	0.00478563766190686	0.000892569115468345	0.00759137125582737	0.00162004396133278	7.88575223701444e-05	4.3080391816938e-05	0.00145456133047128	1.11333716034604e-106	0.000517607882215374	4.13154496225065e-315	0.00437531158183397	0.000619409094189104	0.000557257455035267
G[C>A]T	0.00340426431503944	0.00403281661312411	0.00669503249766643	0.0191157555083765	0.00457596720681462	0.00301702993816136	0.000166508472544858	0.014947508537813	0.00032101284149722	0.0463758354148098	0.000943493002368813	0.0275096932220703	0.00578427862957743	0.00369138710547251
T[C>A]A	0.00674865942863779	0.0364864817365941	0.0177829675485072	0.0382006467837539	0.00638946527672786	6.10133251148883e-15	0.00144273040528162	0.0159913147812024	0.000276447271835278	0.00133012114192032	0.00473671452307896	0.0364990653090436	0.00268174775900771	0.0066917426251657
T[C>A]C	0.00626679736654604	0.022241651596032	0.0106468120516871	0.0397342040034006	0.0102707538330714	0.000904146740235245	0.00201825194679887	0.0155892266136345	0.000798635364494789	0.00971075289391582	0.00205295045962609	0.024743433604188	0.00341012377501757	0.00250119202301586
T[C>A]G	0.00122731140579662	0.00416578672149525	0.00141724046512728	0.0059429141544044	0.00115240281376437	5.47181243179962e-16	9.18023667745471e-05	0.00117689938630485	5.67740607736262e-06	4.8950879130268e-05	0.000776629698549007	0.00563292891671736	3.08604785379041e-257	0.000764096123453544
T[C>A]T	0.00662708009321793	0.0276972974082834	0.0228254544101277	0.044897250704938	0.00843130804048048	0.00414779671000704	0.00134377281500778	0.021136877894261	0.000622155864167527	0.078940840699191	0.00624472817830983	0.0708893168176493	0.0103628574934888	0.00732998320223254
A[C>G]A	0.00393592668328878	0.00186244372911231	0.0173121874799045	0.00894304421737347	0.00382477036143822	5.78428967238286e-09	0.000467133324638388	0.00992701977877197	0.00016144489982801	0.00021351445621717	0.00055006547920326	0.0100405934573831	0.00350429501375386	0.00778329218449749
A[C>G]C	0.00101245453938397	0.000540524585619403	0.0107349134248515	0.00329460209416063	0.00307254118658786	4.27133373363101e-26	0.000324288719381939	0.00379550434707691	0.000130700500198277	6.9868212582343e-05	1.89017738251032e-222	0.00766091412708182	0.000983673787603944	0.0068073298667657
A[C>G]G	0.000654492859143331	0.00033326022322917	0.00176620618565871	0.00195784881046508	0.000567724773757089	0	0.000243735381446479	0.00179760348773191	2.4233885896627e-05	0	1.27609552845297e-307	0.00168918044962477	0.000508609789418053	0.000635989166134313
A[C>G]T	0.00389567527183897	0.00107287757815494	0.0349903476508962	0.00333832670261577	0.00274393298795826	2.60686693715664e-116	0.000794540774175742	0.00791249081411674	0.000301398337610638	2.02304338786101e-29	3.18028099590774e-37	0.00449436957320685	0.00243285783004759	0.0147962357168985
C[C>G]A	0.00132349392788865	0.00544788222255748	0.00794084223694333	0.00823641573124316	0.00205553226565773	8.16806442125332e-05	0.000370694315325018	0.00552874942882751	0.000103973769543995	0	0.000966067798395988	0.00156634919678573	5.05603545712911e-133	0.00405062883345333
C[C>G]C	0.00170047162777044	0.0019866472950835	0.00904549475458767	0.00674914823509871	0.00263473327119842	3.22011508496832e-65	0.000479646353876517	0.00473684277405297	9.36066752494653e-05	0	9.35308911057335e-96	0.00294505523477715	0.00110386002745115	0.00318862247460283
C[C>G]G	0.000293373880134097	0.00145903814952491	0.00115081710276285	0.00284839003571728	0.000377268934682627	4.17628370007294e-34	0.000346435898175315	0.000873763213323827	1.1444218030975e-05	0	0.000260749132513578	0.00293969816656634	0.00089262648930389	0.000556143404010537
C[C>G]T	0.00242427399934823	0.00389721976020924	0.0158178133583584	0.00685136848366084	0.00320324510691185	3.97480674976677e-190	0.000475554488686127	0.00676398639371312	0.000116026912657262	0	0.000808311852090954	0.00195232290628534	6.17581761074616e-44	0.00724424043765651
G[C>G]A	0.00160429298970557	0.00358616933431136	0.00551001120018934	0.00582056139413991	0.0014454610389174	1.6197952132469e-130	0.000160600069866875	0.00223779676940055	4.18000254514513e-05	0.000326220339959027	0.000299622774984858	0.00538519923944387	0.000602653114220789	0.00310441283178647
G[C>G]C	0.000392589417383752	0.00249480428206952	0.0101746281144203	0.00424072117346365	0.000808923263837591	0.000786829653593894	0.000361741470813823	0.00146977670101236	0.000141559444764181	0.00021851976192798	0.000185837238198815	0.0110387659817707	0.00147729636280029	0.00768429552770081
G[C>G]G	0.000239625036365217	0.00111562532667615	0.000747245452887517	0.00185112297081058	0.000646957261303511	1.86050529353854e-28	6.78785060779218e-05	0.000247199785388343	8.7716951594414e-06	5.85180125658085e-06	0	0.00114658417404943	0.000468873727261823	0.00105265120517905
G[C>G]T	0.000982272526098114	0.00118665402949246	0.0127344357592487	0.00326805054853747	0.00120350359626967	0.00014341267519296	0.000440306221163362	0.00410678191440383	0.000137973443676958	0.0001787849958888	0.000244038055268784	0.00789249122891911	0.00111098437552566	0.00554359338389016
T[C>G]A	0.00358985284236964	0.105371765120112	0.0295978098972144	0.0146473448851652	0.00109971361671184	4.43372198496725e-45	0.000570236914447011	0.00601630995971073	0.000275871675780508	1.5535450178544e-303	0.0208959865976249	0.00412080780308741	1.23275368594848e-48	0.0108197039353101
T[C>G]C	0.0026859825952976	0.0222574371559535	0.0181674173234742	0.00832337048844209	0.00202057557553044	1.01750419305e-30	0.000886568277848563	0.00613168474013861	0.000320438360723022	0	0.00291427310599989	0.00577780381490272	0.00113870402579469	0.00818104376925997
T[C>G]G	0.00037161220035239	0.00495918172531987	0.00112863216857077	0.00220766080033179	0.00055808970507033	5.63767597947753e-97	0.000193209251968019	0.000491862851968184	1.26701744028322e-05	0	0.000482316159193256	0.00347097383551598	0.000194492051104418	0.00122305803011583
T[C>G]T	0.0081318253499808	0.12441716562079	0.0737458879029379	0.0147354482258189	0.00133380370855175	0.00168397768148005	0.00158552377725269	0.0104189203723922	0.000660601778250081	2.56951928945939e-301	0.0212755770102033	0.00729798735329124	0.00353918180831589	0.0288156771855699
A[C>T]A	0.0197105852105007	0.00714872732691053	0.0110825810172397	0.0126529696018568	0.036428087035072	0.0332517321939255	0.000346136327591307	0.0278797208142267	0.0299505589752001	0.019657661936223	0.00255750879709341	0.0116493423366238	0.0262055841947025	0.0122357632821756
A[C>T]C	0.00835528225032243	0.00159117378746105	0.00158374729586608	0.00590826728523033	0.0231461625823914	0.00614939771835275	0.018011453324102	0.00889829974544638	0.116876143818576	0.0283919621177431	0.000816481200946506	0.0118909770658547	0.00395363279262667	0.00598512847966229
A[C>T]G	0.287629914713402	0.0024018571376571	0.0304180886615123	1.01428921148119e-115	0.0600339784859131	0.193155856966262	3.35675897441198e-182	0.043574801998028	0.00691406721355768	0.0666797141200015	0.00306938627421862	0.0187845712255573	0.00373452749508673	0.0126356281077699
A[C>T]T	0.00688965514677466	0.000526046580465582	0.000874905159915526	0.00796709115742122	0.0321994457458268	0.00504198869562386	0.0083545356197975	0.0218029707819694	0.0971213197743284	0.0291225110202847	0.000701375187075882	0.00637381502808334	0.00615310381245592	0.0067536410907841
C[C>T]A	0.00938338809145868	0.00930831650459185	0.00269015959233435	0.0152467216898009	0.043879864731188	0.00414489938261041	0.0535869623757442	0.0110977922347194	0.0227740151288598	0.00351502802311945	0.00292514274531043	0.00595021231456454	1.26610598093723e-15	0.00773920746717524
C[C>T]C	0.0085694468370637	4.01699891740039e-15	0.0044691458894308	0.0103104138996074	0.0625326675744088	0.00607334853598858	0.0693461544831237	0.00929924315507502	0.118521041928346	0.0183012051150561	0.000471716886832082	0.0102048003751847	0.000844691962029981	0.00671518000068913
C[C>T]G	0.0921067754442352	0.00583729624516061	0.011404950109727	0.00295933428818078	0.0301203835974264	0.142912898007119	0.00650249577590958	0.0107585868491158	0.00410099923864736	0.0286723265463753	0.00227287459020443	0.0335798859463892	0.00512777653323173	0.0139223344084683
C[C>T]T	0.0104912416179378	0.0040116896532939	0.00635345521539639	0.0151859872927526	0.051753532608166	0.00576473276924485	0.0584360654428172	0.0201525919342743	0.0829155745187957	0.0163996572215004	0.00169168524969758	0.00441714036337483	0.005532919131499	0.010088987861627
G[C>T]A	0.00850563930113853	0.0153555648165513	0.0116607471869947	0.00745322519369757	0.0223901728630823	0.0209319101011325	0.000262698642840205	0.00444700373579328	0.0258952674159388	0.030443719875821	0.00172962141566947	0.0175936606696266	0.0101767448899274	0.0106010971128811
G[C>T]C	0.0099019433455175	0.0175052291125768	0.00872524490555506	0.00539956317481704	0.0306154793243738	0.0271848057280411	0.0113182171210385	0.00331767851222596	0.0873923830303601	0.0622709110465663	0.00251620320032208	0.0133270636547259	0.0262942311541887	0.0221044430236587
G[C>T]G	0.13513993156477	0.0212705868127196	0.025258400944823	0.00103531848721952	0.0279905300397705	0.184634555164519	0.000428856813219513	0.00793135807575574	0.00761704724183848	0.102816438410117	0.00590879254058981	0.0482098705581618	0.0791169751254683	0.0357337305871058
G[C>T]T	0.00865149883115248	0.00855605313069088	0.0093806966270941	0.0062782408369422	0.0306461666839482	0.016229918416997	0.0120826267717934	0.00721726018657256	0.0638704699945154	0.0486738029202229	0.000994853562808238	0.0103319247281323	0.0171349736257227	0.0180932277031079
T[C>T]A	0.00969356712996155	0.174586317359485	0.0184676498891929	0.018745048632668	0.0339385037083072	0.00554965502506015	0.177092670477771	0.0104781576967138	0.0301242584218272	0.00744021291858531	0.0602706680278941	0.0135677929168902	0.00387891807851094	0.00831531686933047
T[C>T]C	0.00923692956285711	0.036547436402665	0.011838966187467	0.0113798532850369	0.0373679973888654	0.00954380746127151	0.308941783572994	0.00850778747253038	0.149258516464491	0.0306002777691829	0.0161665078715579	0.0193650390922309	0.00956386278317753	0.0107248065143185
T[C>T]G	0.0819210725736997	0.0198559150657643	0.00957250856504845	0.00212667782692209	0.020398756108073	0.0769877831069515	0.0547671809276464	0.0112032440091643	0.00405513203896248	0.0250413015664374	0.00956671989311598	0.0208365322847543	0.00262758881917224	0.00969251325900526
T[C>T]T	0.012489868166708	0.0970642738017755	0.0140954044120793	0.0168149177541974	0.0364537240754632	0.00852912234307204	0.104234673348685	0.0154392091826575	0.12795872517875	0.0310988467354356	0.0347906296506473	0.0175406634157546	0.0166114074076768	0.00935328874009043
A[T>A]A	0.00566153363574658	0.00363449591878174	0.0141805134781528	0.00978842512963822	0.010823460126647	0.00758079860771114	0.00340360118623406	0.0130669244732342	0.000245024217949311	0.000797406857189319	0.00152614596335227	0.00651836486167717	0.0138773382105724	0.00884997091096649
A[T>A]C	0.00150134996795146	0.000882908408290657	0.00731975602291319	0.00324861600576645	0.00670634655771018	0.00699003829873854	0.000978593299825686	0.00952840990541613	0.000181969231373	0.000838460206325736	0.00272511938467445	0.00839724872798871	0.0122293062187079	0.00568395192303376
A[T>A]G	0.00294286628758901	0.00111730270348669	0.00897063149447844	0.0107910687697491	0.00642412783552319	0.000663638155524958	0.001216235887803	0.0135558332740737	0.000135479067879118	2.15635200609125e-192	0.00132998752942049	0.0084128028225269	0.00281795014971462	0.00566788243349842
A[T>A]T	0.00671804164044643	0.0019325444176377	0.0134225411049107	0.0072710116875867	0.00860886259121905	0.0167630894087498	0.00946839826902243	0.0185445151880922	0.000531265243167352	0.00637493407988904	0.00733660271386016	0.0120946675841286	0.0397514348902409	0.00845095365250207
C[T>A]A	0.00319113463452772	0.00251808729324806	0.00713560182595085	0.012756528080144	0.00353483149468503	0.000868737828987834	0.000781582406931775	0.0120430939655862	0.000151249123045909	9.61570646358635e-179	0.00070828218900406	0.0029811652095059	0.0023769942305797	0.00350110642612917
C[T>A]C	0.00315218488137303	0.000542650464959921	0.00499592646832684	0.00819602864428159	0.00485132130179746	0.00331729036171426	0.000972390181351629	0.018131141723208	0.000230950654294239	0.00126153168074464	0.0137798310382317	0.00709824553925565	0.00585944333129768	0.00231595599751223
C[T>A]G	0.00284391340208154	0.00525390242984917	0.0082972351615081	0.0223997027961353	0.0043675331357015	0.000603900512872165	0.000462420801247424	0.0155407854613303	0.000181629521101849	4.33777687464984e-80	0.00538006721063055	0.00658790966873296	0.00299465566916721	0.00242799746797797
C[T>A]T	0.00667142899478115	0.000266305145637779	0.0111277722410926	0.0123880558824054	0.00406788885966692	1.04606815975523e-13	0.00204923592816836	0.0275248608638687	0.000411841659818948	0.00125623130379015	0.0328184311796641	0.00846513712024181	0.003698616277489	0.00236342456917558
G[T>A]A	0.00108618444530635	0.00304341764447741	0.00437272604622771	0.00849962746644654	0.00319871415585882	0.0017867354514053	0.000752563856179368	0.00700921968615226	4.25157166841626e-05	4.54484833604662e-05	9.62598852921141e-05	0.000509813981597465	0.00298307091144232	0.00294909840276713
G[T>A]C	0.00102565221580153	0.000374027983076396	0.00329280166214981	0.00303754552606799	0.00298003748144052	0.0027565255328288	0.000414761493191568	0.00590430817929807	0.000162263033826972	0.00127763269554819	0.00312939698011495	0.00482656948156955	0.00481955432647038	0.00210855721957074
G[T>A]G	0.00186624740580725	0.00313070483528521	0.00355172522382413	0.0102936655809661	0.00335743467004526	0.00214166160173663	0.000590768319678463	0.0077493096948605	8.91922162935695e-05	6.94425274039835e-10	0.000684904163804718	0.00258256718822179	0.00456774811491639	0.00286805141441849
G[T>A]T	0.00358109000616536	0.000229921124615609	0.0070497819810185	0.00554242816388602	0.00274602928363805	0.00147960948286958	0.00143660510449353	0.0173856839798881	0.000308656675674456	0.00111261401704698	0.00607799897594633	2.23480751238767e-10	0.00502550701289065	0.0034506785851446
T[T>A]A	0.00493157211761479	0.00806311795724699	0.0157823309277293	0.0118645073559528	0.00741647954328877	0.00525418821512253	0.00263704961930222	0.0132648270902097	0.000312125917897451	0.000205340832893695	0.00286340583563826	0.0170659105545673	0.0134601212908884	0.00719660189093821
T[T>A]C	0.0020461520643891	0.000255784775367062	0.00643331883431941	0.00431036226999343	0.00427102051406516	0.00144517450708746	0.00159794912013141	0.0130367673921343	0.000207284822754618	0.000962504976753961	0.00525976162769645	0.002953440733509	0.00435318918286025	0.00335335104071846
T[T>A]G	0.00202299715995135	0.000854073489185504	0.00521569230419112	0.0094437245728372	0.00422530748450484	0.000194857586806618	0.000732719717212559	0.00855624871678875	0.000103124120476196	1.4246820866404e-169	0.000781867654393393	0.00456445779940452	0.00254970170289636	0.00191320879746764
T[T>A]T	0.0103651433461296	0.000674593891155524	0.0137165638294184	0.0078252065413164	0.0065311934183409	0.00504964121227363	0.0089326482417412	0.0316564416480475	0.000769469812578284	0.00215025804546885	0.0232116404376593	0.00523792543967141	0.0158317458703863	0.00779637587525751
A[T>C]A	0.0103078686363511	0.0138305253549589	0.016911483988688	0.0170842780208118	0.0262426575786921	0.0134387972320301	0.0020761788431918	0.0166481820316435	0.000923099532157032	0.0102083769914137	0.00135605890432818	0.0149466928805704	0.0453986845423967	0.0543922358721287
A[T>C]C	0.00377807457487265	0.00044637665619905	0.00180164087214043	0.00282893614740678	0.00734915778779385	0.00210175501232171	0.000704082517570381	0.0100768103812523	0.000919674617533988	0.00596685774375024	0.00289488980378145	0.000176535308928014	0.0112962662435041	0.0258840733523922
A[T>C]G	0.00838460600990185	0.00415860804776191	0.0133313155008412	0.0120348787039816	0.0161107872755615	0.0052071746150199	0.00123522819845059	0.0131320973266125	0.000149140777258938	0.0047861199772082	8.52355815683287e-27	0.00572471725883594	0.0193009170286113	0.0340209563739049
A[T>C]T	0.0125148145084714	5.04436930208091e-16	0.0249555703916108	0.0055234173921621	0.0195386378838816	0.00315796637274514	0.00279912690620375	0.0221020388198883	0.00077703708548105	0.00413486582272905	0.00311430295811669	0.00925978921507856	0.0123418842642812	0.0481545650598827
C[T>C]A	0.00367638421716371	0.00552083066731641	0.0102848262435697	0.00842575889651723	0.00494353005105813	0.00570966898347749	0.00180667473900065	0.00548359008162863	0.000408949864760501	0.00199944966093852	0.00539562730712427	0.00922703559262124	0.0161944939202325	0.0181538692115913
C[T>C]C	0.00475511197085232	0.00017686400488722	0.00797696239428827	0.0027854021517626	0.00640709401989562	0.00276552699171426	0.000788116369171782	0.0102287494951402	0.000695548567514785	0.00403675927524991	0.0329537986109137	0.0011507149654571	0.0122925905633403	0.0241481325789807
C[T>C]G	0.00301373841465611	0.00666865794414355	0.0111124511164787	0.0076004514522615	0.00595338023705694	0.0079047148675175	0.000782288669197188	0.00556878933066173	0.000259169438697547	0.002963229152585	0.0179373926480935	0.00698297726024141	0.0256663796009774	0.0163941513768381
C[T>C]T	0.00561979234142946	0.000645752307649775	0.0157688520871999	0.00646204387460529	0.00769309291440351	0.00541477948040859	0.00627560567020882	0.0105443537479069	0.000347582511610678	0.0024501124696913	0.0995253171437434	0.00275469485871373	0.0176898831176616	0.019900754949477
G[T>C]A	0.00236555830304886	0.00619488357546585	0.000221324010158987	0.00830438545503137	0.00908413377510316	0.018084082772942	0.000704360793797945	0.00522691854769496	0.00164980045902944	0.023366404594715	0.00119523309055055	0.0129454350638194	0.0560399644570134	0.0315193995166032
G[T>C]C	0.000686367944615337	0.000645312158067362	0.00611193247313542	0.00181836452001776	0.00339276090068684	0.00595483346377887	0.000432109733638865	0.00303295438967217	0.00142713962648109	0.0185241816557863	0.00381899293305635	0.00718356233159086	0.0207244461254976	0.0339870787313816
G[T>C]G	0.00334632633498152	0.00336270060043408	0.00189357174956819	0.00770041098239427	0.00583822561482442	0.0108891737181507	0.000590096280415112	0.00527800211341215	0.000891947980602281	0.0133664441873443	0.00315594357533874	0.0120436151321376	0.0421737330057089	0.0218416019205278
G[T>C]T	0.00498466310069721	0.000837829157131474	0.00943886387603507	0.00394458872353625	0.00975469188865023	0.00884142953287109	0.010970606741525	0.00980830030611202	0.00107578249663277	0.017854015597912	0.00798315712120979	0.0100449805885543	0.0373665042677299	0.0303034108298585
T[T>C]A	0.003545601581245	0.00649152705011173	0.0113733587575439	0.00830427859713495	0.0099907877059511	0.0121988356739184	0.00666825323418955	0.00520637929214462	0.000473902607698999	0.00663341521526994	0.00182193269648314	0.00928007846109908	0.0389918004937305	0.0270587703954554
T[T>C]C	0.00191809774790169	0.000527332333070192	0.0133009184118673	0.00159368715863652	0.00626316395791641	0.00772259445835765	0.00196949967793158	0.00728679502565252	0.000862347290363951	0.00678919337703277	0.0140821966225078	0.00903748673814857	0.0315922157023072	0.0353673900388112
T[T>C]G	0.00346258401743981	0.00527464013881283	0.01007735367611	0.00666741042354533	0.00692307164814258	0.0073073154768673	0.00221298192986066	0.00280123531293206	0.000162269991524597	0.00448383485080547	0.00420764834216976	0.00393989662582817	0.0215234552469994	0.0195708540190427
T[T>C]T	0.00967067450697097	0.00157049925075786	0.0233395719380126	0.00273388240826118	0.0119048942956046	0.0226632326563529	0.00355074336118574	0.0108664374577227	0.000554022984455743	0.00636056889223441	0.0260446302879993	0.0143696282109954	0.0680746476495646	0.0316329073961589
A[T>G]A	0.00269705805149731	4.99627589025506e-91	0.0153854082897108	0.000975054731824311	0.00470466678049313	0.000223819835866623	0.00113136905841027	0.00475472767455235	4.14724503651895e-05	2.39704403606609e-164	0.000316390544321964	0.00492477859674278	0.00148430135919506	0.00553818511066973
A[T>G]C	0.00119295761072033	3.36584777000009e-73	0.00488788563898484	0.000464375725547641	0.00290518976718765	5.15775545748317e-39	0.000602121899819415	0.00127502646271592	1.86444363185184e-05	0.00167811435530279	0.00287361749301456	0.00268646252236977	0.00131378473788215	0.00368449778157824
A[T>G]G	0.00271152840787095	2.52053431331721e-106	0.00443304894984336	0.00204730720617397	0.00409864172252873	1.03788468381006e-235	0.00132458867940538	0.00615486617431867	3.11917804754539e-05	0.000454819438950822	0.000424417434892228	0.0017410263783165	0.000772397966811907	0.00261008657566693
A[T>G]T	0.00331483581228211	4.44136819734216e-20	0.00978268890150597	0.000932517581168243	0.00456780643920899	1.35902186108901e-05	0.0010471840846723	0.00342286741874354	6.2877998350506e-05	0.0088762810259004	0.0405698549655462	0.00379159614072534	0.00316374664081593	0.00708924542049978
C[T>G]A	0.000717200757534429	0.000520395770136667	0.00404079136673414	0.00183585793093038	0.00162744491058028	0.000115803005806363	0.000473587773129335	0.00197559321880398	1.68816875585933e-05	0.000123950431954598	0.000857334757011818	0.00473551334267593	0.000704112012417154	0.00195728410892825
C[T>G]C	0.00117175670449902	0.000201159670659032	0.00166461088927193	0.00175992738115591	0.0023007187417683	0.000995548162203788	0.000474450063873961	0.00258866876015465	1.28531547341573e-05	0.000912609831621793	0.0124557022613397	0.00446336564629801	0.00279840076432854	0.00359063231665187
C[T>G]G	0.00176338149162636	0.000590052600192968	0.00495038015617853	0.00350852503512217	0.00317664183920143	0.000482067579276903	0.000860621212638337	0.00576225844800499	3.02511926761223e-05	0.000517429244475229	0.00514869564135108	0.00623813703695566	0.00256302892777989	0.00232850281261945
C[T>G]T	0.0015699010415021	0.000129127735370567	0.00618310780031781	0.00826655969784868	0.00427712076468428	0.00147007932782146	0.00114543764690636	0.00377328195748616	4.60206975973659e-75	0.00548709719962145	0.194313790678215	0.00126894338164284	0.00322485095982556	0.00387675182107994
G[T>G]A	0.000250036919215247	3.42504768874398e-05	0.00335800136131679	0.000825974066041236	0.00110532931201475	0.00025925912522895	0.000287786149251256	0.00203044508022673	2.64450643549519e-05	0.000267909442914459	0.000208153849162779	0.0013724778804979	0.000600165225952264	0.0024712392727876
G[T>G]C	0.000528405545022747	5.7181880592645e-52	0.00280155028310217	0.000393675738954836	0.00138569306728232	0.000193717829015968	0.000248047964069873	0.00125605161534874	1.8351031945803e-05	0.00214701407899522	0.0016643742275101	0.000622356616663411	0.000927625425976086	0.00219947682276656
G[T>G]G	0.000649469738220113	0.000114078635730108	0.0033206652756354	0.00202490802492777	0.00333064126342509	0.000849002548274193	0.00180692385876594	0.00480750005668131	1.2723346056403e-05	0.00100427704726752	0.000722885152420031	0.00466973892689032	0.0018585307143074	0.00444449498118972
G[T>G]T	0.000238316057130192	0.000135905981248585	0.00330201191682052	0.00251775182164155	0.00287760703685584	0.00317424298387479	0.00250246074627697	0.002730419119529	9.70202823234587e-05	0.00624670365059867	0.0406000520532368	0.00450874742041286	0.00758678452058015	0.00453715335527773
T[T>G]A	0.00197791759918427	5.06032419372885e-13	0.0154297383442278	0.00154720057953974	0.0031344559345817	0.000404192330383517	0.00125005240323181	0.00302715911899186	3.1039710670645e-05	2.42159000170102e-05	0.00177487119291938	0.000577154125472988	5.6937077640068e-159	0.00644230686772137
T[T>G]C	0.00156536235266804	5.7519278602235e-14	0.00448293616849478	0.00139700393322562	0.00275843386137478	4.51533203788992e-16	0.000995363234673778	0.00291602563112139	3.11549470899395e-05	0.00158370405284595	0.00731001021601713	0.00110165161257943	0.000552295075221692	0.00400723418648019
T[T>G]G	0.00232923775624881	0.000204977043850266	0.00505955277942994	0.00397143324852118	0.00426639111164229	0.000821590118033656	0.000903102759905599	0.0061569475330357	7.91974600416535e-05	0.000121386812532988	0.0024564006561275	0.00450176449584967	0.00484092430801256	0.0041034279785147
T[T>G]T	0.0052473726737732	0.000551332952691302	0.0181307820799091	0.00343769957785289	0.00491989805818129	0.00603059060750222	0.0025632759300048	0.00927768195451069	0.000306973914554654	0.0107848907505605	0.132425499718575	0.00403768714234916	0.0162457656702005	0.012441787417488
