SBS1	SBS2.13	SBS3	SBS5	SBS6	SBS17	SBS18	SBS22	SBS26	SBS31	SBS44
A[C>A]A	0.0196167630394174	0.00737218823498733	0.0133654269686327	0.0128163514840983	0.00127511743580059	0.00725611930936708	0.00989692299448976	0.00631932671512904	0.00183883660458863	0.00016277512461675	0.00237908257270503
A[C>A]C	0.0133103908978698	0.00803642080474136	0.0101235271236259	0.00814331182838745	0.000824806352436814	0.00698529362036644	0.0188316880961778	0.00306383035650645	0.00179535536555637	0.0258124913270425	0.00238045760994552
A[C>A]G	0.00347100557051779	0.00144233695193002	0.00203264448553982	0.00362971382344267	0	0.00528033728033928	0.00138849585501544	0.00030652129242018	1.10806498465358e-113	0.000169642340148981	0.000123475096839129
A[C>A]T	0.00948029521134956	0.00784571628096558	0.007788067164991	0.0093661124748168	0.00273812069482603	0.0044171593663977	0.0240175533997998	0.00299766845790664	0.00300887490676895	0.00858761071896519	0.0040132842459729
C[C>A]A	0.0118923032826015	0.00743105293354285	0.00865248698202534	0.0136234835440663	0.006297990687288	0.0204136289132942	0.0287274824093469	0.00571736825701538	0.00349531348776612	0.0128659399797503	0.00835501502507827
C[C>A]C	4.23377436511899e-05	0.00561369187492781	0.00837271974090368	0.0153027222383596	0.0136692136665428	0.0124870456110128	0.0084035518883031	0.00433957851000757	0.00519172275214328	0.0208870612961487	0.0159640096442594
C[C>A]G	0.000953579808949857	0.00199910495946556	0.00196438001305909	0.0028559175728428	0.00150884909720424	0.00471445784840816	0.00373507726728681	0.00061958508453628	0.00102934656787867	0.00127077802373159	0.00236043824416118
C[C>A]T	0.00476127157725255	0.00704877508022995	0.00538149200499008	0.0139691997254941	0.0320328695779267	0.0208178954480474	0.0648513515972263	0.00339000269405396	0.0094055337611562	0.0565403503095821	0.040048791345744
G[C>A]A	0.00872130960793826	0.0031437812930364	0.0170208626587696	0.00594474705619667	3.83989405177119e-70	0.0107997838169268	0.0195410879801484	0.00218933931166589	0.00130781992481551	0.0103942904796513	0.00224233674579798
G[C>A]C	0.00578185174618515	0.00422393688999888	0.0094569156871632	0.00662800869479225	0.00295210421149957	0.00958849323750093	0.00828141893689293	0.00225075703404485	0.000900295285159187	0.0748926384109231	0.00290179627192963
G[C>A]G	0.000965513058721486	0.00216774814323195	0.00116670343187475	0.00152239729249038	0.000295877532799069	0.00388114547800738	0.00177261626050293	0.000243154819359135	0.000333088424945969	7.72324370304331e-15	0.000429957788002603
G[C>A]T	0.00713026130130932	0.00370815704788288	0.0058092414010198	0.00544938261544288	0.00741025094502277	0.00947046441015514	0.0265739371411594	0.00214333372483386	0.00223954526402094	0.0081692965522666	0.00557289341157329
T[C>A]A	0.0104486836522023	0.0196838996488717	0.0179217914907656	0.006385076495332	9.66582194570105e-87	0.0136270591496383	0.0663380721221445	0.00396462419818396	0.0052123060993797	0.00264224523414425	0.0029824076576932
T[C>A]C	0.00780089285853171	0.0097904586874383	0.00882392839538917	0.0103556060416253	0.00192788331210882	0.0158980263305375	0.0172636683219483	0.00409429737690068	0.00229612412611799	0.00576365384015272	0.00365817050897345
T[C>A]G	0.00196231717006246	0.00189817864384988	0.00125876484704324	0.00147887442438748	1.71798011312465e-186	0.00355758088475887	0.00327658972093044	0.000435874553682121	0.000358584065104652	2.6711932875855e-19	8.9599923501768e-05
T[C>A]T	0.0116436188328286	0.0193229625406186	0.00896675702905576	0.00422302436353617	0.00684730884506083	0.0254075335599609	0.138086269075516	0.00521887277499042	0.0131646128426091	0.00957012792549842	0.0109525836081928
A[C>G]A	0.00229600820665818	0.00301824667322443	0.0278195146917183	0.00859531338422533	0.00201949842860809	0.0036728574243579	0.00944360538639532	0.0020910386946305	0.00467539291591028	5.65506996724645e-10	0.00286577192335371
A[C>G]C	0.00201994284743136	0.00304061732264882	0.00681856495766591	0.00374014026560055	0.000428951154873645	0.00246969907043469	0.00617570919752133	0.000840394585495855	0.00118960985209968	0.00115068091513432	0.000865025488078821
A[C>G]G	0.000772215356899102	0.000958319606074675	0.00302338623640526	0.00283540269238317	4.79006752134116e-05	0.000771877191764088	0.000695536040392311	0.000226105486527832	0.000117540455547983	0.000452495239373359	8.7156066253347e-10
A[C>G]T	0.00371473549994906	0.00485500450342478	0.013278082364569	0.00623324703366608	0.000741264922319835	0.00558172221919044	0.0149217205216845	0.000988145393662959	0.00348475309172382	0.00283395692697963	0.00220678641593261
C[C>G]A	0.00335252504911831	0.00259572258513196	0.0195181930672064	0.00571780369506013	1.65719482313553e-181	0.00520424162256413	0.00125913488000294	0.00137396680456846	2.24246942546405e-168	0.00197721663483163	0.000227370318598405
C[C>G]C	0.00249994103312034	0.00280176786394452	0.0158033705623483	0.00780176953899556	0.000876044291087474	0.00278804135047086	0.0007801526905058	0.000760273642048811	1.52010532510524e-103	0.00552855235347848	0.000169049534505644
C[C>G]G	0.000212401228418703	0.00193260952692812	0.00159492541251688	0.00183851742883057	0.000136625232653098	0.00212883187843556	0.00380062911463977	0.000174301672738402	0.000169741849054658	0.000923942053676792	0.000188002573156182
C[C>G]T	0.00612236205876019	0.00383943888737397	0.0239863147714914	0.00753702501553148	0	0.00356910211737303	0.00607398553099991	0.000878921081499426	1.0106837080839e-171	0.0178429263530158	0.000108454697064612
G[C>G]A	0.00348234901013573	0.00227509220190153	0.0132712396011023	0.00373055692212708	0.000591093779530209	0.00192726269455757	0.00322546160372363	0.00125333283185728	0.00042693914880171	0.0023652625071659	0.000887597160418279
G[C>G]C	0.00490514768789664	0.00201855628924903	0.0129256160514211	0.00439884758747756	0.00140489905567548	0.00236789955538679	0.00763297947924593	0.00111925459170776	0.0021024096696874	0.0275173834319778	0.000851963380566334
G[C>G]G	0.00088611503554983	0.000628628041344094	0.000571961377256078	0.00147991422774625	0.000228151012060068	0.00145615767429407	0.000614246478478972	0.000140712641338463	9.16690107273228e-05	0.000245535575788494	0.000297314754178573
G[C>G]T	0.00393346065924712	0.00208782736043992	0.0192995453919255	0.00361444134095038	0.000527799010586019	0.00404855840341023	0.00493532046303691	0.000824423774112482	0.00103551127977888	0.00767012092263109	0.000887372582334741
T[C>G]A	0.00498000686760094	0.0616174001739579	0.0526013499828724	0.000309482578926063	0.000836734700209587	0.0155999144160323	0.0121879990195453	0.00283530970627616	0.0102773367665624	0.00626178557877306	0.00114499270206213
T[C>G]C	0.00413056989607056	0.0147153102219497	0.0433929493410505	0.00709011669350233	5.41292498279197e-69	0.00469468690631646	0.00931535137286104	0.0016839401731988	0.00173341436140245	0.00461692211074185	0.000450651964845195
T[C>G]G	0.00046968164230098	0.00204677431619653	0.00145351812733294	0.00184290774544747	9.18293245178433e-05	0.00377045727819721	0.00233404025920638	0.000360448787336113	8.33554121435461e-66	0.000560595034446197	3.25715726145338e-74
T[C>G]T	0.0181495788064502	0.0687740754382987	0.0746781252156516	0.00106849093413296	0.0015844546586693	0.0208880062385486	0.0223353824003443	0.00302719162655831	0.0153662597060387	0.0110936197469004	0.00126856909637649
A[C>T]A	0.0309736661189725	0.0153950158120573	0.0274895266269685	0.0300723511662292	0.0508981377048381	0.0108752711854833	0.0115113407934355	0.00312066084055325	0.0182832926203574	0.00405712370218214	0.0379706651701672
A[C>T]C	0.0122273729663278	0.00637025282276965	0.0104728286438397	0.0220565078751709	0.00773711131379154	0.00328417685978739	0.00406426277341377	0.00169103915678645	0.00546878454327553	0.0017699731573124	0.00924550270870049
A[C>T]G	0.150318827128137	0.00722706407914026	0.00345669706445603	0.00961181396948434	0.154530807504155	0.0128439812494074	0.0170377630611507	0.00457083494338094	0.00116617369399535	0.0136631688631926	0.0530317770156816
A[C>T]T	0.0141189555722815	0.0129282128459436	0.00493661626808964	0.0272678538054642	0.00788155323677512	0.00449285694151523	0.0122834226330275	0.00188606170936536	0.00442912135222776	0.00330841334589863	0.0117157939757775
C[C>T]A	0.0122308041534465	0.0208600223105696	0.0251903728049598	0.0246741849229939	0.00477542504033877	0.00672594434369853	0.00219614957053598	0.00287739973731571	0.0041618308732336	0.00769932510223906	0.00472738905975223
C[C>T]C	0.0113716869127399	0.00967655371218038	0.00130859758843825	0.0293414619441331	0.0080781595565014	0.0111051085622486	2.8531860338654e-09	0.00191033251294884	0.00750347550246306	0.123197352503081	0.00684519771698907
C[C>T]G	0.0655942598161506	0.0129065405649835	0.00229500292058466	0.0119818968257085	0.0803116671580281	0.0109894479852773	0.0120905283776482	0.00312634587615153	0.00564247165980225	0.00685595738445195	0.0300362095473201
C[C>T]T	0.0186566809251857	0.0157751672429741	0.010032755398457	0.036879840047545	0.00695324358590187	0.0103553920043021	0.00392513397393671	0.00315305746870721	0.00866134636099093	0.0672552867883595	0.00894028406197516
G[C>T]A	0.0142767849986775	0.00749045155379184	0.0190796122593202	0.0195639066334313	0.0282351732800329	0.00695927443334625	0.00126587395956898	0.0019413598429338	0.0110534097323811	0.0125581341306744	0.0309267209385846
G[C>T]C	0.0106383588071588	0.00548307825295944	0.00111913002668351	0.024051172896617	0.0451664228217612	0.00676732903090138	0.00383519597155231	0.0014434887982637	0.0246377752876595	0.0666907417326284	0.0366578215824911
G[C>T]G	0.0972207029356907	0.00897150767025934	0.00260115616950072	0.0057470996187381	0.116263118642574	0.0158038430512116	0.0192295026243013	0.0026702127509299	0.0313144284340343	0.00761211325962717	0.0494703537948095
G[C>T]T	0.0130779879408818	0.009511350981861	0.00761779773590653	0.027222471178717	0.0270097568199326	0.00655424711537267	0.00252070062527898	0.00163152558307986	0.0150656050827288	0.0215294655993086	0.0276475578185888
T[C>T]A	0.00965069989025309	0.190217689672104	0.0123100336528706	0.0171467419524551	0.00605115343016446	0.00478080781750179	0.0134147082361201	0.004094036442097	0.0164962170701845	0.00332410195467665	0.00484308693304261
T[C>T]C	0.0154913450336071	0.044359026362013	0.0214169507137478	0.0235541560778724	0.00728272157412909	0.00355131892892251	0.00160958825760798	0.00378156899501155	0.0095117653807493	0.0280683529394229	0.00627153618718146
T[C>T]G	0.0570988594174129	0.0273659658260145	0.000152775186718802	0.00538133954459501	0.0490030383916182	0.00968327647027929	0.0104930535877904	0.00208258823767007	1.07729475489698e-26	0.0036221890981233	0.0178740109866828
T[C>T]T	0.0187662945957037	0.116852875268932	0.0115244986256047	0.0207886679232649	0.00837855027391351	0.00712554965565793	0.0217876289005077	0.0039640673228455	0.0136214195482293	0.0138404601331319	0.00799814050979667
A[T>A]A	0.00840303737137522	0.00371328224697314	0.00536015899071034	0.0133882582008914	0.00256413375450449	0.00284169705630098	0.00821189683720868	0.0713518407964634	0.00596596242953526	0.0155522851338955	0.015105097438711
A[T>A]C	0.0070225989008976	0.00311885063715244	0.00372986604658215	0.00581058891468018	0.00383314116801898	0.00164182179368123	0.00149425296787075	0.00866765761315843	0.00631556505529408	0.00672012458251966	0.00933690103650711
A[T>A]G	0.00856168032196515	0.00364778043565474	0.00672851918988077	0.0111023540362859	0.000288864978666842	0.00260920319803437	0.0026199085026787	0.0568888963711761	0.000871590599477842	0.0038101575707322	0.00130264174932219
A[T>A]T	0.0100746790418258	0.00713207647112687	0.00402005869457491	0.0149870272546451	0.015358604391994	0.0130655161734665	0.0215133853279693	0.0168899068083216	0.0307699217144901	0.00935695931930751	0.0205835579375917
C[T>A]A	0.00198986202250172	0.00287990805456574	0.00436802726715961	0.00994063398757091	0.000609754599043219	0.0023549527640379	0.0026421510610937	0.120369813798885	0.000825377170375308	0.0225675258246595	0.0015717210120565
C[T>A]C	0.00339709064355502	0.00286504993912851	0.00586864854462943	0.0127942833649387	0.00431487058404904	0.00622790603183525	0.000781124768680144	0.0439023453852069	0.00557723872804662	0.0157536025575169	0.0030567587615416
C[T>A]G	0.002635531034211	0.00262639152402131	0.00295347843590233	0.0153874427838465	0.000790764996658234	0.00642563023451095	0.00186940855339537	0.138162594465607	0.000457353154765274	0.0230915650468291	0.00106115327635766
C[T>A]T	0.00363659207504788	0.00540165707257915	0.00551596165095495	0.0119172426087682	0.000816369080692148	0.0161697491379303	0.00612636787394721	0.0485434886071951	0.00156146493694179	0.0319213832676778	0.00181043556359587
G[T>A]A	0.004251959869566	0.00122461431437314	0.00150074771706968	0.00534901832424346	0.000349739434674611	0.00177616822345042	0.00192952034697305	0.0480908073285941	0.00137571185340262	0.000742628121135266	0.00234386415464268
G[T>A]C	0.0028265271617405	0.00164554562085907	0.0022681352692691	0.00385643161118498	0.00227403375254282	0.00315150709546325	0.00129226352659536	0.00857496169622613	0.00302158267921555	0.00677322741226489	0.00363208282441296
G[T>A]G	0.00455316775649742	0.00157346807861393	0.00554544684352214	0.00628757257046884	0.00201713059438875	0.00205689151602353	0.00104370322213946	0.0242453014116755	0.00244407167935474	0.00170970332087093	0.00180785610624104
G[T>A]T	0.00219018846562005	0.00291312430587959	0.0037682268639869	0.00515754150471665	0.00162513774969548	0.00411954188909616	4.59290942271357e-06	0.00823053771099094	0.00397584768566285	0.0027993121926467	0.00257726080445049
T[T>A]A	0.00839354884416312	0.0081048011366066	2.4723079917236e-05	0.00781145603032122	0.0098605047520751	0.00735873317685015	0.0183068875703001	0.0885906644007963	0.0190893073046304	0.0108285717310732	0.00907666697046148
T[T>A]C	0.00031969254664252	0.00189338417969162	0.00204201064035609	0.00752304675803808	0.000836216653247056	0.00219753623530243	0.00320255894464353	0.0209762100849495	0.0021567136068345	0.00318112575820955	0.00314828070520943
T[T>A]G	0.000645664405630383	0.00173492724034036	0.00148698565188367	0.00943712507310618	0.000682364343562686	0.00148058333151455	0.00380113239972826	0.0634845562900394	7.7686158142007e-17	0.00292475944882972	0.00166724216561524
T[T>A]T	0.00502375308360701	0.00790217171952826	0.00209220817371958	0.0139593924289099	0.0184584896638149	0.00774093544034215	0.00374903458167604	0.0321110701372586	0.0174756782629691	0.00888888045184501	0.0110510995820391
A[T>C]A	0.0266407268407092	0.0156188024848519	0.0521469092519784	0.0355307322101731	0.0200854053867801	0.0179660745169656	0.01578943165201	0.0249533058713974	0.0597168715600893	2.96983957872674e-06	0.0377759987430755
A[T>C]C	0.00760959255135345	0.00456145372555483	0.0118525505716159	0.0130485285799687	0.00558448815144621	0.00593691318810319	0.00206497345343493	0.00114051076067047	0.0182538379444758	0.00163633510504327	0.0091717944245081
A[T>C]G	0.0123172715353607	0.00746336654297367	0.025879336311983	0.0336801672221024	0.0139120926749261	0.00993144885950444	0.00858767877926605	0.00608889657515333	0.0497466540717013	0.00255077966300016	0.0261120946825095
A[T>C]T	0.0206810794046735	0.0107564357987644	0.054572199209074	0.0270090658930668	0.0025953516508125	0.00844509511307087	0.0168079338942861	0.00190729559792957	0.016112411348261	0.00667619940247209	0.0156403812101104
C[T>C]A	0.0033040591585139	0.00454968128617651	0.0105154431757034	0.0195385173558822	0.00990107326812422	0.00920151946224899	0.0066374167631445	0.00507805894217377	0.0352907602777107	0.00944391568051008	0.0227999768378266
C[T>C]C	0.00173490535222974	0.00327731332347244	0.00579090904783407	0.0140326027676567	0.00615358432416805	0.0212519428682763	0.0015347708291863	0.00150689835466465	0.0184643132784472	0.00576866801632665	0.00875692474401367
C[T>C]G	0.00412608432250453	0.00402829805188276	0.00723547773115216	0.0235064959414789	0.0156871585145081	0.0185657684655146	0.0091087158980464	0.000839253978937643	0.0487282846320077	0.00593745406756406	0.0247082499849199
C[T>C]T	0.00254969876052461	0.00690506010643293	0.00242670408657819	0.0174153948249167	0.00897231098306604	0.0614047421658162	0.00927214681904881	0.00130029995634886	0.032975719481724	0.0120323962780636	0.0209243579856395
G[T>C]A	0.00971307794539467	0.00632351181981528	0.0108552583276646	0.0134685552646004	0.0170741499871848	0.00715482499605299	0.0130160748988507	0.00241712859608606	0.0449875482817702	0.00455753433417872	0.0568378089321948
G[T>C]C	0.0075844280650395	0.00238732827960658	0.00359940944655324	0.00751082703103288	0.0103716894287928	0.0080368737846615	0.00389440694021322	0.000764251517822219	0.0168667048077258	0.00820546609745522	0.0135634608394511
G[T>C]G	0.00614780448593244	0.00586383031387024	0.00527577320309849	0.0112534399063032	0.0128193769141664	0.00564153499947795	0.00362124523760673	0.00101890596001269	0.0309589834062925	0.00183935817428746	0.0285519459979893
G[T>C]T	0.0153750221580588	0.00498103969436202	0.0154653689897278	0.0122397974801674	0.00863008578192223	0.00800604027499666	0.0131293718853258	0.00050031303424717	0.0244377774044013	0.00170579668358561	0.0325982190623381
T[T>C]A	0.00352903666559801	0.00639863534509419	0.0189138790740895	0.0162477912803951	0.0119365005112797	0.00994988714813255	0.0154345997410987	0.00928125724832311	0.0499941334561078	0.00276574425776575	0.0426561671821028
T[T>C]C	0.00522228205569218	0.00449342466400319	0.0122544872764145	0.00828236326341986	0.0138303802586037	0.00849424686425094	0.00785684651815675	0.000759859154627414	0.0360500328415518	0.00291497387796172	0.0176295542765181
T[T>C]G	0.00484340093194924	0.00354022947406513	0.00743661584961609	0.011377211240512	0.00958222931263479	0.00701728715825404	0.00836572719432311	0.00229124338007434	0.0346883544418256	0.000754949921541972	0.0179603285208969
T[T>C]T	0.0168692688071748	0.0103273752111611	0.0216886852996564	0.0129565642314686	0.0290376351744963	0.0147482264039679	0.0150675788181845	0.00180723627231407	0.0495993289184752	0.00485057630521238	0.0378050452706248
A[T>G]A	0.00505776375050364	0.00320056001341715	0.010847584654419	0.00228921158944729	0.000411058467174816	0.00267308224360235	0.00643194388007702	0.0047146081757919	0.0011583246270276	0.0017284558408498	0.00119914205980096
A[T>G]C	2.24670179974445e-05	0.00163643193240656	0.00135063326356901	0.001755851110467	0.000638256686826933	0.00295932326368262	0.00319468992867792	2.31889580197612e-15	0.00143245907886237	0.00155746818752013	0.00145911075148648
A[T>G]G	0.00134046208864015	0.00202502421485202	0.00311724099847555	0.00533419192468223	0.000257321075551194	0.00118926088308227	0.000736101762945209	0.00177036290707029	0.00124650738184931	0.00189437445517896	0.0009028577060632
A[T>G]T	4.39256122942378e-08	0.00238770517796732	7.1215651500682e-05	0.00583034871120173	0.0019718618778502	0.0248144481187484	0.00269283093898159	0.000538769803092047	0.00426287973901983	0.00329590118701606	0.00379182013314939
C[T>G]A	0.00306710809427936	0.00173326288158279	0.00434528556084566	0.00186237415580342	0.000515455580055315	0.00319542874284133	0.00373549756871832	0.0038150189231764	0.00147920048082065	0.00171944161267537	0.000720676114021804
C[T>G]C	0.00134865828890285	0.00135738493246352	0.00200723583168267	0.00289065237498304	0.00289761537430748	0.0120238846872245	0.00120277585751178	0.000611124939814439	0.00698881070043535	0.000933520364619138	0.00290501269295622
C[T>G]G	0.00175930336600206	0.00276308236243519	0.00288887614009387	0.00416158422449191	0.00305830648673146	0.00719811435669306	0.00803187873376554	0.00534331111285871	0.00769746734462264	0.00387861297937935	0.00314042873695756
C[T>G]T	0.00355466633384815	0.00697989683364785	7.77542926135877e-06	0.000478044111080683	0.00412249662811908	0.146987244747167	0.0163828608514515	0.00158629988285248	0.0124996449730966	0.0048481050523545	0.00397410075192687
G[T>G]A	0.00160441378201698	0.000599599128757201	0.00590316049320352	0.00114641728964444	5.35104669458289e-36	0.0006561750887362	0.00148278850827115	0.00192573874933357	0.0002851232730607	0.000925455415843915	0.000418202873894801
G[T>G]C	0.000703246800828779	0.000435989275036445	0.00161933644797619	0.000695733399929293	0.000722831180283539	0.003496001834591	0.00147686813606566	0.000196169211366818	0.000666008831359552	0.00324854726366293	0.000963225314421086
G[T>G]G	0.00702889909761873	0.00208955028914881	0.00443393497403462	0.00243457821497204	0.000599102379526446	0.00301032695401422	0.00261252029503628	0.00108417837839529	0.00080122577310417	0.00189918274428349	0.000457761421463042
G[T>G]T	0.00236218849030606	0.0022415574305084	0.000913932091181401	4.38168321593453e-06	0.00533473291573428	0.0367991275277333	0.00484429029634812	0.00031626256203066	0.00484921478350114	0.00415725780966543	0.00473547307831781
T[T>G]A	0.00477076285456193	0.00327052882769315	0.0119618475573245	0.0021264765515761	3.72601710071058e-96	0.0032182755127396	0.0152207541485629	0.00405527815694095	0.000370558989604766	0.00478700191662472	0.000682651142390248
T[T>G]C	1.39506326758942e-07	0.000593338746775503	0.00254113962819487	0.00297965975816341	0.000708766650806134	0.00440119896263173	0.00222353623436084	6.2498572325789e-17	0.00163873467043285	0.00483175983298373	0.00100538116401481
T[T>G]G	0.00304815585612158	0.00238315777109354	0.00360163846751966	0.00515593863152553	0.00265347492916497	0.00493673826030107	0.00310028801691589	0.00292467217756135	0.0029558394555904	0.00286252252626698	0.00153609004031497
T[T>G]T	0.0105356847032546	0.00712553507667093	0.00206023463432969	0.0041777131807209	0.0194034080083518	0.0520314033081106	0.0138713724212702	0.000566360039550624	0.0136478421563896	0.0053454061591511	0.00840786606440219
