SBS1	SBS2.13	SBS3	SBS5	SBS17	SBS18	SBS26	SBS31	SBS44
A[C>A]A	0.0152151071265416	0.00968658083877275	0.027314075930846	0.0103767591404374	0.00472169336121289	0.0388276342622062	0.000923285419029752	0.00120184814228047	0.00493882379586832
A[C>A]C	0.0119803941457398	0.00554037121011664	0.0244055100410563	0.0130432332084684	0.00412521100344351	0.0165900623083186	2.83239718682909e-05	0.00941863172210483	1.37018779133054e-106
A[C>A]G	0.00196029149996168	0.000744824563922049	0.00316208779941107	0.0018737362956761	9.91604721714763e-05	0.00250882036507001	0.000517267630018667	3.7700697982918e-21	3.7199427425639e-216
A[C>A]T	0.00944223459698871	0.00420707773158981	0.0261276404744841	0.00418275885102952	0.00475846370825021	0.0211589779800639	0.0100456022678056	0.007508038418244	0.0044725627786854
C[C>A]A	0.00659805395744168	0.00713830214598203	0.0225605823156358	0.0076287636445566	0.00461398778908082	0.0275233171016512	0.0173154116654636	0.00610366878598259	0.0129007126041021
C[C>A]C	0.00384631108922567	0.00262549441751993	0.024706003950687	0.00458651915311776	0.00250770761063611	0.0145687124950207	0.0199288106956062	0.0160604195847739	0.024783572016022
C[C>A]G	0.00134085859912917	0.00113297163460326	0.00248474672734855	0.00253748224231469	0.000533686494135993	0.0043087732310102	0.00382370111880375	0.000577499848968398	0.00300077718123672
C[C>A]T	0.00463005874568545	0.00344926049277312	0.0212268055355058	0.00854640997046426	0.00550801835978569	0.0320332686152766	0.0817252592083808	0.023696128498112	0.060819983816906
G[C>A]A	0.00785662519097112	0.00803473497058846	0.00955165462297576	0.00818458889198079	0.00301121037092429	0.0454074803942194	0.00155981120610384	0.0115315009217628	0.00952914399219609
G[C>A]C	0.00494586298949702	0.00445521329260476	0.0135389464771401	0.00606853482946563	0.00189028076094496	0.012498101071155	0.00340296015639541	0.0156871336333937	0.00270216543237195
G[C>A]G	0.00191482847716494	0.000843768994516594	0.00152303976105781	0.00168282240408743	8.34883507519088e-05	0.00310981701408452	0.000592569317167993	0.00065655201149901	0.000374399908681644
G[C>A]T	0.00264328531293877	0.00440429793802386	0.0112097284493494	0.00704634100389033	0.00335211945754956	0.0331422561606933	0.015103589673092	0.00730177542202163	0.013104388518938
T[C>A]A	0.00993048883521805	0.0205895845295619	0.0101815416914261	0.0130894616338226	0.00617963643700404	0.0573023063685964	2.57625495974413e-19	0.0088096220025435	0.00375682808681309
T[C>A]C	0.00743676917125058	0.0135804441724987	0.0160104847428922	0.0119944322277887	0.00325648709772664	0.0286896654324022	0.00317900203154003	0.0121536282093537	0.00494697060595692
T[C>A]G	0.00237114225824901	0.00163689907862552	0.000997689326655354	0.00241674501901618	0.000367831526943597	0.00560425273532497	5.88450102026317e-26	0.00233112700110777	0.000848306935931057
T[C>A]T	0.0101383402880378	0.0195194060921535	0.00641021676392422	0.0248136024645079	0.0114994506321774	0.102378589349537	0.014547718777899	3.9619725982804e-10	0.0172705123809059
A[C>G]A	0.00325602361410721	0.0075815940111422	0.0175895678356341	0.00293056723772013	0.00107320332885519	0.00413019424525427	0.00129710583627709	0.00531176984532912	0.00439726678834445
A[C>G]C	0.0017410653140402	0.00370590401147406	0.00955768135074974	0.00459288505389078	0.000952826370867936	0.00211557840363834	1.13276970177787e-07	0.0108716354144353	0.000756824212716469
A[C>G]G	0.000328498639620919	0.00115373552343657	0.00324661029880598	0.000850317179174288	0.000376899592793137	0.000350056659900346	3.18420485049478e-09	0.00179090162560524	0.000107959313841376
A[C>G]T	0.00258837695176767	0.0089613206094774	0.0159135709912992	0.00687973305732722	0.00233877307838209	0.00254612008261126	4.0026619562933e-11	0.00981101206658168	0.00185468685454648
C[C>G]A	0.000246003593247098	0.00609203946217896	0.0131759479903512	0.00207594869910155	0.000708313553886651	0.000677831326795204	0.00128424569342489	0.00301140002108973	0.000511696325478271
C[C>G]C	0.00092999812417397	0.00417728570033765	0.0118856977810827	0.00234259690940809	0.00123221040733056	0.000694242184231606	9.06964945197337e-06	0.00318317306417626	0.000727881299368647
C[C>G]G	0.000100734436780311	0.00120355781248511	0.00291033002554923	0.00124758858879435	0.000217319948470015	0.000381042906462019	3.70714458568019e-06	0.00160509901065951	0.000186531725658162
C[C>G]T	0.000671560726442569	0.00960203970951588	0.0179781583972151	0.00370238513224765	0.00125572310164351	0.00150098597606165	0.000302123416060402	0.00541896214653755	0.000436526277257565
G[C>G]A	0.000666323919149343	0.00392623394559588	0.0079466949796405	0.001929371653304	0.000794053391867203	0.00105235642401927	3.38695872277658e-11	0.00328174765532104	0.000533946684170816
G[C>G]C	0.00127846422501987	0.00290386300686034	0.00706232109664539	0.00380178353411463	0.00116072438325133	0.00109004750834671	0.0020976855211045	0.00493270230431967	0.00152972902422355
G[C>G]G	0.00011472380317913	0.000673628574494106	0.00160270021014735	0.00053628193525917	8.61238387610823e-05	0.000238954912509961	7.49156299274033e-05	3.7700697982918e-21	0.000181630218799485
G[C>G]T	0.00143695571556899	0.0052140767619368	0.0122736489660298	0.00243750005027081	0.000602452042133683	0.000922736879555841	0.00124084117913652	0.00275713176840408	0.00110701090735415
T[C>G]A	0.00194392826707685	0.0826180575922059	0.0132190430611151	7.56963996108929e-09	0.00183845862984948	0.00614068063131535	0.000988611862478659	4.48422772457991e-08	0.000605430042402936
T[C>G]C	0.000235776922020871	0.0264398254913276	0.0166806936781818	0.00302980653880095	0.000921064658515725	0.000602046171670959	9.30564935497172e-05	0.0035582120239773	0.000732761527013289
T[C>G]G	0.000560760367721439	0.00368393938761339	0.00161044344503369	0.000565647533640839	0.000252847013886768	0.000249870448238911	2.61696769037594e-05	1.28357760576802e-08	0
T[C>G]T	0.00507887161203698	0.108442834612018	0.0285811115537855	0.0011590165575054	0.00365263087645408	0.00903508589744656	0.00142584569248984	0.0108995421698035	0.00420949314917914
A[C>T]A	0.0185844001568223	0.00923154084548897	0.0204153774771342	0.0298781849969775	0.00787653343387718	0.0146018308849461	0.00120080098873734	0.0193394234250574	0.0800112757747756
A[C>T]C	0.00954809702635593	0.00472850083425299	0.00845321940431147	0.0186677767926707	0.00295479844573808	0.00566568150957875	0.00359620948612626	0.0133979235900247	0.0109123141637826
A[C>T]G	0.202803590355166	0.027242817071841	0.00900926702801994	0.0310043037829841	0.0111282410245491	0.0368264985428279	4.08533020044349e-14	0.0426668480395121	0.0348955655817201
A[C>T]T	0.0124734422493702	0.00711155290807273	0.0197233916898308	0.0193453816322804	0.00568623133423972	0.0105252281016766	4.89916157666489e-11	0.0160513707441632	0.0123994063723712
C[C>T]A	0.0081877768186221	0.0121800327766918	0.0131451852927697	0.0264148790258877	0.00619603985100889	0.0094829282475125	0.00498536197650788	0.0212681149882733	0.00607588520179997
C[C>T]C	0.00671749278248999	0.00798197777921902	0.00528261400764966	0.0256309626587191	0.0020553556363821	0.00649163382326367	0.00665977149523972	0.0918816179331089	0.00855450373690404
C[C>T]G	0.112193740972459	0.0178609117095569	0.00558648311348578	0.0211499860176542	0.0105462172101683	0.0258958495096573	4.47463936249492e-11	0.0160240932148291	0.0300081968172094
C[C>T]T	0.0106832743435533	0.0114772399087979	0.0181253621383735	0.02819336279451	0.00497442044443779	0.00725073843231812	0.00386264574716218	0.0762430697155132	0.010043508290162
G[C>T]A	0.0107994420331168	0.0102263635402372	0.0109535214662993	0.0250577430351329	0.00476191469412772	0.0139604492793249	0.00172629737046188	0.0139104162285214	0.0472779804280836
G[C>T]C	0.0109272426604063	0.0085203958181898	0.00782499173775584	0.0246297787637692	0.00344482754263592	0.0097573940238756	0.00988423281746249	0.0147900120671868	0.0506838210179046
G[C>T]G	0.143884778358555	0.0213306498396611	0.000837548903277819	0.0344518066033093	0.00764865880189217	0.0289454918364186	0.0244514250487476	0.0204026442512428	0.0621094755500025
G[C>T]T	0.0133410797588698	0.0075609685512246	0.00985281038605308	0.0235761435595856	0.00495013166419448	0.0100109630284848	0.000103986429497362	0.00858770732494708	0.0270680722329082
T[C>T]A	0.00894035997802165	0.133590765780808	0.000295436042480485	0.0227156235152882	0.0143006712740143	0.0230810273008931	0.00408490934669414	0.0129727312636517	0.00747315192227575
T[C>T]C	0.0112829269859947	0.0416548423650374	0.00817678844438596	0.0349479547592585	0.00813491586090643	0.0135033983073202	8.39983898223164e-05	0.0171811844966613	0.0102444894998004
T[C>T]G	0.0812159506465891	0.0222911407493044	0.00215375783364684	0.0141606601567622	0.00466787396546303	0.0175299206114175	2.97898696942919e-24	0.0196876457970236	0.0118584419569425
T[C>T]T	0.0122529838902855	0.0813464660500645	0.00869294104127979	0.032516261940855	0.0138583626131227	0.0229120978819294	0.000347612069426964	0.0248574081635121	0.00841029950524696
A[T>A]A	0.00603611737776857	0.00338167649071669	0.0129367520909292	0.0100974119494361	0.00411925252464085	0.00715347776145364	0.00346842749350979	0.0146618228458546	0.00245804800171265
A[T>A]C	0.00792734201564823	0.00288534806504358	0.0107726851224803	0.00824550292397271	0.00230558297700728	0.0074391280485063	0.00209007486555714	0.00383092604439008	0.003415672954475
A[T>A]G	0.00604168037469788	0.00223082479194894	0.0144279936087521	0.00619843615915703	0.00275891264647676	0.00392822715483219	8.33078354875153e-07	0.00723855813501654	6.05995003952521e-21
A[T>A]T	0.0133468622622934	0.00595066886648472	0.0127532874950616	0.022442837333849	0.00978596213685783	0.0270895208708123	0.0149300360849968	0.0167339560810736	0.0227569837433579
C[T>A]A	0.00193329215558468	0.00252402850325649	0.012121869131105	0.00336632555125051	0.00258248636523272	0.00385946418159724	1.64001212198393e-14	0.0126976683824748	0.00051589478581064
C[T>A]C	0.00344090197688704	0.00282467102670523	0.017457376466297	0.00197889650504893	0.0116529327504285	0.00604072409430013	0.00199733162566737	0.00710384915699072	0.00592507146442984
C[T>A]G	0.00227886108018669	0.00505940247626749	0.0173658211094245	0.00462935497397336	0.00435761861069115	0.004098962756204	3.42449197411663e-19	0.0119344756775496	1.57527280351053e-92
C[T>A]T	0.00341322553741483	0.00436783799659503	0.0248797038669626	0.00163400804991969	0.0302742749839215	0.00892835859836946	1.83586237809402e-15	0.0164680307882253	6.86686994072026e-06
G[T>A]A	0.00191045058641496	0.000859499780470228	0.00874639845444022	0.0025368076370424	0.00154776967084581	0.00197478163319525	8.3409865350006e-11	0.00174691793840409	0.000639194401129818
G[T>A]C	0.00227286281804933	0.0015353039838	0.00617540373071465	0.00217596767007365	0.00245790364638628	0.00314727843818784	0.00274290462555188	0.00088755180783276	0.00250447898476396
G[T>A]G	0.00201156805930078	0.00211201093653223	0.00910895225789549	0.00365994791005335	0.00264594819667788	0.00208172832269277	0.000776022847391353	0.00445305431576767	0.0028940892911293
G[T>A]T	0.00423251630802377	0.00151403714146492	0.0156045904231625	0.00143327270231263	0.00682937093308482	0.00628375033658066	0.0020647054926322	0.00241312414101632	0.00258691391224447
T[T>A]A	0.0127029217704838	0.00821606613308124	0.00707852479863979	0.0201799820830233	0.00686374497600266	0.0223520850161371	6.57636853231589e-27	0.0112773423111683	0.0142862017961966
T[T>A]C	0.00287464928641185	0.00164982558007948	0.0112996665102892	0.00473942142004252	0.00360436988378397	0.00437694554632408	2.84328562998911e-12	0.00281598619729894	0.00048154815937669
T[T>A]G	0.000771131200543521	0.00295289132913851	0.00818732356276732	0.00271453581076974	0.00226048228875551	0.00306296273176306	1.50031516402342e-15	0.0107706790905651	0.000334376261103363
T[T>A]T	0.00844769362206104	0.00493130010890377	0.0230262018944469	0.00989254157593759	0.0163849037997612	0.0146868945540913	0.00184413844627582	0.0148713544483891	0.0227576622217274
A[T>C]A	0.0136518146820553	0.0118340595806072	0.0173099874638158	0.0264128941771501	0.00583526758025518	0.0146652791330615	0.0651058360936858	0.0185826116841708	0.0275919839487207
A[T>C]C	0.00504790081503845	0.0028085523723426	0.0104928949551023	0.00929145766107231	0.00486455441686345	0.00386163864393741	0.0248725398372189	0.00498282277039295	0.00743897188253584
A[T>C]G	0.00763037894654815	0.00698107862096742	0.0131878441196795	0.0183341732453005	0.00472493490239357	0.0052205470921082	0.063192163663314	0.00599948912172106	0.0239665150612238
A[T>C]T	0.0133667725372969	0.0122512425700778	0.0191634390361032	0.0222129374219951	0.00728168830893385	0.00721738289354439	0.0305896369014092	0.0116683928646349	0.00347532775255551
C[T>C]A	0.00196859058304904	0.00545696397801817	0.00837366871744155	0.0122277740396845	0.00779829224329241	0.00579788762611403	0.0527981166428184	0.00607170845570156	0.0146464924042557
C[T>C]C	0.00407892731110715	0.00333910490281752	0.0149119143483567	0.00550976694802818	0.0303356178269481	0.00435598756151364	0.0338984813859845	0.00873568245436706	0.00752604158551537
C[T>C]G	0.00170606737465721	0.00509912302736779	0.00876116654954362	0.0104255447749861	0.0229476411141166	0.00227983805508815	0.0684818638815918	0.00633050350580556	0.0277370134918168
C[T>C]T	0.00305684068685422	0.00532971125174429	0.0101113044815289	0.0059896219851709	0.089081868021139	0.00373092469534129	0.0551657680269582	0.0366879160441772	0.0131933848569408
G[T>C]A	0.00643898457410127	0.00649361416283267	0.00651909830714854	0.0203673885867132	0.00381954711011465	0.00673030250207807	0.0608536540476304	0.00842926441785501	0.0222255987413793
G[T>C]C	0.00672723208680232	0.00332032077144465	0.00501198311578775	0.0116576136610609	0.00607786010910058	0.00309743708376932	0.0190310141680277	0.00457353595559053	0.00962879497028878
G[T>C]G	0.00393500865021115	0.00327414116925892	0.00623526455263578	0.0135060165107112	0.00642848859655786	0.00378622477577593	0.046717567111777	0.00638594452597947	0.0188407708351903
G[T>C]T	0.00739672133467152	0.0060504088534094	0.00800987812314279	0.0202505175967021	0.0104949186361726	0.00282744198529592	0.0395649687841654	0.00869502878228288	0.00983448725457829
T[T>C]A	0.00464878869883986	0.00740042839022013	0.00767178773382144	0.0178533623166972	0.00678707912572862	0.0117282682715732	0.0387419457734672	0.00970899330032872	0.0183204369159883
T[T>C]C	0.00584423337248752	0.00357757795755813	0.00769994967260843	0.0146077458836821	0.00957984164724148	0.00645595744597734	0.0223963801345193	0.00480700782667932	0.0181082009982395
T[T>C]G	0.00195341638472108	0.00226147245811373	0.00443730301393472	0.0127708718064984	0.00611022526046901	0.00605885984723395	0.0301853717277278	0.00540444822546766	0.0161927975286516
T[T>C]T	0.00944901823082904	0.00594048418622584	0.00876556535449685	0.0220584572789468	0.0181589062148223	0.0116474265409537	0.0448318692391136	0.0132952968405043	0.036268656023796
A[T>G]A	0.00157524911269521	0.00280869324424553	0.00408436120202205	0.00661427741790539	0.0026578941331142	0.00290862177621665	3.14701797463969e-33	0.0106718923138547	1.19185024435321e-24
A[T>G]C	0.00113787945891578	0.00159590017274091	0.00166332072757956	0.00356113579381431	0.00387558650710272	0.000325533542759237	0.000247490262165349	0.00151084873259596	1.03649049919437e-195
A[T>G]G	0.00164987016013404	0.00275834886095681	0.00811996011633489	0.00266734980360319	0.00284282664553806	0.000511664884915477	0.0014126143096816	0.00330842280921529	0.000350252493113845
A[T>G]T	0.00261701348122896	0.00228604235403689	0.00545336911447616	0.00650506660699051	0.0412924522477352	0.00171595406263975	0.00582047622311665	0.00623973286120107	0.000783735754937795
C[T>G]A	0.000524854908433492	0.00270794160903661	0.00291789634672204	0.00401119873650297	0.00391840685612488	0.0018323621863997	8.05929525313317e-21	0.00146926172305619	0.000498601392808512
C[T>G]C	0.00124994697567179	0.00161662248077808	0.00558615358125402	0.00245070230193617	0.0138781108954288	0.00086855625706488	0.00617831673060543	0.000185217664313667	0.00408962733190029
C[T>G]G	0.000780063928273099	0.00388426272388637	0.00924709756834522	0.0050873880997604	0.0085231067154845	0.0015553249483104	0.00802884925748263	0.00139138731566469	0.00410815395488704
C[T>G]T	0.00186304419666637	0.00266653278927907	0.000838591139242851	0.00136787557765329	0.219617553578722	0.00820254819403896	0.00594733910089532	1.77264388039401e-13	0.00135752805416513
G[T>G]A	0.000604230100698259	0.00130842246597905	0.00356566746959197	0.00143590772266142	0.00116999930075032	0.00060710931392606	0.000118394923016792	0.0020289091113067	0.00021681032324553
G[T>G]C	0.000508676461869124	0.00165282549660376	0.00253373350518018	0.00192612163438313	0.00340842536415564	0.000497921682160631	1.57111807066506e-11	0.00149525066078562	0.000275996682961584
G[T>G]G	0.000904433257636758	0.00308397080376898	0.0094791051918805	0.00281409622499236	0.00302248941606581	0.00251739718128131	1.26850303297781e-16	0.00425628305969369	0.00139824446106326
G[T>G]T	0.00129942946806162	0.00263852981569579	0.00342331346608922	0.00408950686472477	0.0514511023577708	0.00201501528077076	0.00338080838240398	0.00361366123651636	0.00496626420252954
T[T>G]A	0.0015274331598792	0.00516142302621116	0.00476934790439463	0.00551846060750064	0.00437609364475499	0.00408885568452872	9.5510168011859e-37	0.0106946657625495	5.05350933435819e-79
T[T>G]C	0.000928733361714924	0.00172837949561405	0.00387875065372049	0.0038256095977784	0.00749655893808288	0.000728902173655218	1.13168095236526e-22	0.00681617909995082	0.000187914738336022
T[T>G]G	0.00184635666694207	0.00361916202396781	0.00802335822128101	0.00495572078015552	0.00487747460848684	0.00204194597467818	1.21425655632493e-17	0.00794272310200783	0.00366648035075372
T[T>G]T	0.00717471506746705	0.00776393032930401	0.00663670144495268	0.0152737498329067	0.0896764198395322	0.00979559579410747	2.24194332438251e-23	0.0193784877735666	0.0221870027033634
