SBS1	SBS2.13	SBS3.8	SBS4	SBS6	SBS10	SBS14	SBS15	SBS17	SBS18	SBS26	SBS30	SBS44	SBS88
A[C>A]A	0.0179198873237718	0.00186342940145978	0.0293303401682472	0.0488321133891104	2.36937108654944e-46	0.00159471941939812	1.48110136549526e-177	6.27864732656452e-141	0.00651483106663386	0.051404899169705	8.10368374768943e-102	0.002788140123108	0.000585600510976403	0.00920197908064429
A[C>A]C	0.0110725532088872	0.00236354040469833	0.0248490912359303	0.0298775544674999	1.49841195100271e-46	0.00473718433338373	0.00216131789019059	5.74821764811834e-44	0.00346349436189866	0.0104962783609505	0.000604293390505436	1.75222703425261e-09	0.000459961769988523	0.00457975049323808
A[C>A]G	0.00141974202095179	0.00218340419515201	0.00366127153087732	0.015676157563201	2.97074607294418e-116	0.000325300658410329	3.46968868604659e-43	1.13270253135595e-181	0.000674186619715188	0.0025278554373883	1.10391579179866e-66	8.19729364831973e-13	6.43987102855772e-05	0.00115399124068126
A[C>A]T	0.00680940768403224	0.00130569333263891	0.0262442303828431	0.0327101714630214	0.00194398141898114	0.0120477931044371	0.0156874746089528	0.00372667583907988	0.00498489663806337	0.0228146769248564	0.0010736351057999	3.49178266923479e-10	0.00250352729141577	0.00534130771794595
C[C>A]A	0.00916822733037623	0.00238111161184457	0.0221346919596419	0.0645367666197563	0.00732325728036019	0.00410726807124043	0.00522692662018425	0.00383533075860909	0.00521393148071466	0.0456467653400313	0.00410693998194314	0.000786883866711265	0.00853634783823847	0.00392021559723508
C[C>A]C	0.00448350999909409	0.00154628928486272	0.0214213370586749	0.0602737560582269	0.0153939949700496	0.00356320518590052	0.00810359236859416	0.0067114882530681	0.0032666408260364	0.0141218147362552	0.0141083996355193	0.000602180085110306	0.0180662060429381	0.00483284777959508
C[C>A]G	0.00145218868695679	0.00119748334629049	0.00248114733453523	0.0167517515057597	0.00230455717005892	0.000596656345413747	0.000728717319879597	0.00112582387448088	0.00062038404768478	0.00519417219104602	0.00127144948360951	0.000106131289304874	0.00273907995714966	0.000552674283974421
C[C>A]T	0.00804862679596496	0.00164405209209844	0.021147489567955	0.0512038297324803	0.0421083052940253	0.0169440287143418	0.0792043112401908	0.036315966501129	0.00436791869292919	0.0391814611517236	0.0235859586376694	2.80140076779984e-07	0.0457271879183842	0.00523115536534902
G[C>A]A	0.0146576361755043	0.0012233263298458	0.00503916018779685	0.0230340583854816	0.000869604129583161	3.16063896563811e-51	0.00102242563888282	0.00163524682857623	0.00544231789527443	0.0939499829167996	0.000814001636653803	0.00387929122156455	0.00204898920460236	0.00653489783193172
G[C>A]C	0.0053253784306328	0.00130875682460148	0.0119880337484404	0.0302256597486404	0.0024971326185341	0.00469886834069351	0.00542553109342143	0.00614903659147858	0.00185417471058112	0.0160521743077752	0.00301844731673053	1.57581910857779e-07	0.00438806768888804	0.0024146753244135
G[C>A]G	0.0024513639631935	0.00156389519633279	0.00146025252032744	0.0112343292258586	0.000462742806360292	5.51461439741927e-31	0.000184891719839831	0.00091139188543354	0.000359197139550651	0.00480387799186541	0.000353741179517636	3.94635514677394e-21	0.000574966301173342	0.000408964097669869
G[C>A]T	0.0081744040540862	0.00108337949793717	0.00832920268686138	0.0112824805847255	0.00869919427768666	0.00922157280007794	0.0384018153927326	0.0275718507124297	0.0042378240481145	0.0586163546701979	0.00465211973199477	0.00207022476635562	0.011187707731892	0.00435396429118776
T[C>A]A	0.0140568616148219	0.0110654023033439	0.0105494671181917	0.0305282929059097	2.37617067021973e-47	0.0958864219775469	0.000715884289496572	1.82234152985287e-31	0.00646614623712935	0.0955371585618492	1.46623519369308e-21	0.0053880870582863	0.00205409298688564	0.012882402559498
T[C>A]C	0.00859861710549614	0.00550377487923567	0.0144253130070971	0.0441969335060294	0.00170979751626467	0.00728462849197155	0.00852689970052918	0.00229077962824321	0.00361518288019228	0.0478707065350345	0.00130727983849987	4.68958777764777e-06	0.00323505063181869	0.00535760069844527
T[C>A]G	0.00267459003662143	0.00172454546357646	0.000933234614502552	0.00788511453879422	0.000162095570522792	0.00284425678288095	2.18717402122313e-156	1.38714302570642e-18	0.000634090214334842	0.00904293564939066	4.70969872296489e-05	0.000347764969559356	0.000273871757035275	0.000562097172284354
T[C>A]T	0.026751983309149	0.00689369036104159	0.0106241129935006	0.0205810506046825	0.00840789159020441	0.2936105849782	0.0608966079026264	0.0166664152678659	0.00925915953342296	0.159696134765634	0.00319885802509486	0.00142687290095917	0.0125127194281663	0.0125165804852202
A[C>G]A	0.00364487460481635	0.00296393173155582	0.0134326401087619	0.0122573610234932	0.00173285124857895	0.000307033069510775	0.000930350726479373	0.000576007570469324	0.00289335012269783	0.00177689758892507	0.000681412666068763	0.00300422309138694	0.00303759858134079	0.00300250543062921
A[C>G]C	0.00258053404463594	0.00128834890338569	0.00655322558847859	0.00463076553982342	0.000309238189271468	9.76937628181063e-05	0.000219043935199412	0.000298547736096525	0.00212469542623142	0.00100563210829968	0.000810031667961013	0.00246227066299175	0.000637480275468977	0.000579133096168453
A[C>G]G	0.000341328403257208	0.000623287562523927	0.00282908135408551	0.0018839466533552	8.54422596228899e-37	1.3392961741177e-06	1.07719326499114e-70	9.06649534961777e-147	0.000429381423572912	0.000239554716651587	0.000129821744089419	9.1340215197062e-28	0.000186350315702488	0.000336909659396777
A[C>G]T	0.0036792208618625	0.00153258863463694	0.00953771960447996	0.008282991103897	0.000865496141373513	2.2865213743495e-05	0.000303818987758333	0.000309220865123449	0.00606871482740096	0.00138978935276976	0.00117771656891505	0.00462850711669011	0.00426061504074281	0.00219285925653431
C[C>G]A	0.0015743422224518	0.00246410799601222	0.00924458347035824	0.00906321326370154	1.61582099948855e-239	8.18112532871052e-34	5.72768247067017e-159	7.31188213858954e-312	0.00175250912082763	0.000802582107834082	1.42735696512576e-172	0.00265998761879617	3.90991127706222e-11	0.00115230027175878
C[C>G]C	0.00116372014396079	0.00132550059032728	0.00849805347991369	0.0076087416553491	0.000301295179721311	1.03762210701123e-39	3.64165044448132e-22	6.36366589998466e-05	0.00104931425559087	0.000634655610049429	0.000178397484762123	0.00326368364802234	0.000281455820868357	0.000637569822811616
C[C>G]G	0.000560123845703802	0.000717149895042452	0.00220532901001624	0.00335650542929467	8.48463471620215e-05	4.3658606330665e-20	4.28817814203285e-108	9.88867738920414e-73	0.000149426127101085	0.000267647651103076	4.44341928472468e-05	0.000373661170752774	0.000126149535905755	0.000173558394800448
C[C>G]T	0.00215729324916162	0.00235174956075427	0.0125544283310676	0.00774204659689206	7.35407126325917e-297	4.9729330796361e-33	2.58996236941475e-231	4.88130296299172e-293	0.00283254390070291	0.00129074425679387	4.19447336699987e-139	0.00424016871090749	2.18984191709194e-07	0.00188381832134283
G[C>G]A	0.00137396031524157	0.00119614909668812	0.00610904134718966	0.00834683211596958	0.000258789382975378	0.000196445762743686	0.0007100457546292	0.000504934746692718	0.000763165660481137	0.000786527720316355	0.000306068695480346	3.2678552375499e-10	0.000751735416375306	0.00115319345664457
G[C>G]C	0.00178947299804468	0.00131664019855613	0.00469150298192599	0.00662537996225963	0.0011998259030721	0.000372110055132195	0.000416071368540892	0.00102284105630864	0.00226529560030058	0.000444104264657168	0.00213365116213574	0.0023769138043981	0.00256652874189489	0.00102064602527213
G[C>G]G	0.000351128392691821	0.00030482402896584	0.00131252395899503	0.00307652682488732	0.000163413903607985	1.92736299957019e-12	4.35098865337081e-10	0.000107982479096679	0.000184151696209833	0.000228234501357654	0.000105802100117096	1.43754868868829e-51	0.000134338684901871	0.000436161426366986
G[C>G]T	0.00142721560782681	0.00151201897153184	0.00709540314450989	0.00469307239588585	0.000489820771353909	0.000245176501768763	0.000415792575483068	0.000427021299071192	0.0021847566374893	0.000922855306508471	0.000925696908626879	0.000151506027445872	0.00114002311700813	0.000638563052840406
T[C>G]A	0.00388526687942687	0.0755306292210202	0.00760223979223648	0.0149699456642129	3.20267297565346e-167	5.38424492535489e-14	0	1.94295103678895e-124	0.0043397749555886	0.000912984110995534	6.40600167478887e-244	0.000636797373152227	4.60465018488264e-05	0.000297832969117082
T[C>G]C	0.00238503226765973	0.0167929544111076	0.00982675688362657	0.00877431647497413	9.3490748646121e-215	1.73399231029965e-41	4.14581407140625e-185	7.26191675024166e-176	0.00239486864415154	0.00130990208370627	6.90746306063343e-65	0.00300703881863961	6.80520134535252e-11	0.000944506649093956
T[C>G]G	0.000462223849324193	0.00419093194239262	0.00124140959228548	0.0023578017379363	3.89949443336258e-57	6.92394579682262e-13	0	2.02717701147782e-66	0.000409793594151152	0.00012772613560916	1.49190680164906e-179	1.79159246830878e-09	1.13079937864127e-05	1.81496906657776e-05
T[C>G]T	0.00688591836394389	0.0788397495043614	0.0145244666199855	0.0176651978084107	0.000939894206866231	6.85729568564523e-19	1.39865398036628e-213	0.000596595122757402	0.0110039126092956	0.0018086441879832	1.97470118729724e-40	0.00683305166490264	0.00130003711590787	0.00182139352323484
A[C>T]A	0.0214724503340499	0.0106346726380785	0.0326923828315792	0.0107298416492575	0.0585223528294749	0.000907367150893231	0.0399353954178711	0.0331799484961149	0.00607159091535023	0.00968770217188766	0.0282572790028928	0.0847056900647473	0.0712364369883631	0.00928168837951795
A[C>T]C	0.0112761880647322	0.00353256041683991	0.0138084238613247	0.00509421366669391	0.00952347102985266	0.00291526927578856	0.0223123594558682	0.0128126883749751	0.00222406935109948	0.00507516148160233	0.00954302988473033	0.0579067716607213	0.0146749055142241	0.00538747302199779
A[C>T]G	0.156642294035682	0.0106472851959158	0.0226478354699796	0.00971602380604775	0.112630048172741	0.0025049394198172	0.032864627347226	0.0414012703892773	0.0114742107680443	0.0313632964513887	0.0125267959139472	3.12675715063211e-05	0.0198561663030654	0.0287587865592587
A[C>T]T	0.0158225804774448	0.0054934342992725	0.0262592798911825	0.00384532924759178	0.0085535416166948	0.00429465658521496	0.0255052215633876	0.0100479582843675	0.0046045438608023	0.00810367040524316	0.0106085121481072	0.0178548754806236	0.018270686702428	0.00521028448980044
C[C>T]A	0.0146151820802343	0.0159524921050929	0.0173604229297877	0.0210976583264005	0.00513265861570393	0.000549953158429504	0.00787374472504315	0.0029311286458837	0.00348137844751036	0.00707529664799729	0.00394205197881703	0.0914463161225813	0.0100588877055657	0.00754123653312961
C[C>T]C	0.012410198788759	0.00822711502177285	0.0169235371489094	0.0166739039664024	0.00883709964474507	0.0015928239823615	0.020334899980901	0.0101324127146879	0.00208050988815302	0.00590009634850126	0.006004441945339	0.0732923839591227	0.0127009498538498	0.00317243551037514
C[C>T]G	0.0912961237286958	0.0109310294299085	0.0121928508719971	0.00653933896100527	0.0747514443200962	0.00082071442030954	0.0225360796351023	0.021714848343821	0.0081881398158046	0.0211097203969544	0.00664162124492041	0.00156401157392186	0.0153987730138267	0.0171854531440744
C[C>T]T	0.0155388372913053	0.011242158782534	0.0234237854698951	0.0214427193650437	0.00702730336562511	0.00227697105217784	0.022973855836071	0.00792289848467854	0.00376061015579419	0.00783501835649654	0.00421221777991178	0.0350336255804823	0.0126163952217258	0.00898600513496369
G[C>T]A	0.0140180234351817	0.00824013438753825	0.0159357697608181	0.00734174993367915	0.0363312397841139	0.00357549842432224	0.0587372700460003	0.0535538224039783	0.00291028827586206	0.00657580716003426	0.0230145281131486	0.0337367538499411	0.0550735866506677	0.00666686143756796
G[C>T]C	0.0168154518973715	0.0048468703276669	0.0115337057102284	0.00402305811600351	0.0454670697185502	0.0130841119386032	0.0661518071349241	0.114387656898163	0.0036711021404805	0.00625729237332807	0.0291414764597266	0.0412237820945938	0.0566840994628979	0.00572622437674323
G[C>T]G	0.118721201287858	0.0104158413798847	0.0127639358063532	0.00571003086607045	0.116530447098231	0.0131422611447506	0.073437644344268	0.216477378973859	0.010008144007913	0.0283131950709644	0.0200534362962326	3.21498393876064e-08	0.0590623774295031	0.0161958906216524
G[C>T]T	0.0166917372325476	0.0049665330905334	0.0144842308167617	0.00470356910517972	0.0281826427567856	0.0159848703520254	0.0599670285813629	0.0761399261278878	0.00355692013814393	0.00733039326400868	0.0217557836568313	0.0131258083043619	0.0477232396069087	0.00627211974380706
T[C>T]A	0.0116462458044736	0.285203293212246	7.51440909816057e-05	0.00907001497008613	0.00646314145955988	0.00385298778394667	0.0131842459883671	0.00544962396438167	0.00589679456473353	0.00657309049775135	0.00443773083513238	0.125444715026089	0.0157204898294841	0.00585793706705877
T[C>T]C	0.0172893575737377	0.0682625274151575	0.0159071071150767	0.0111520944745654	0.00855144580717203	0.0134649012591106	0.0273393047630243	0.0133186036784422	0.00494095411087682	0.00687282383919638	0.00528060696369222	0.0968685429567923	0.0137361120230763	0.00506069378085652
T[C>T]G	0.0648097610611599	0.0369755417842019	0.00586977953081591	0.000588669531173486	0.0373559837262129	0.061640789163489	0.0133187119916475	0.0117444405175492	0.00631211897203234	0.0156841130808578	0.00249293388740581	0.00930284572072087	0.00647281141479252	0.00938278953459285
T[C>T]T	0.0178637339048904	0.16232142881449	0.0133023674577991	0.00948436605432616	0.00816794730506778	0.0315921091864226	0.0349179539531647	0.0118503271016109	0.00691983030419463	0.00769703680574783	0.00418931179591269	0.0640715684392487	0.0154247066089586	0.00958568886650203
A[T>A]A	0.00421429985518312	0.00211610240287217	0.0121365220564034	0.0129119188350685	0.000843807715431883	0.000201598581402508	0.00123049616962344	0.000602346408931487	0.00312711910147418	0.00253230070716325	0.00269183952320047	0.00765067417892367	0.0038777774130222	0.0412937741381639
A[T>A]C	0.00263398465926742	0.00111081251584648	0.00801212277409939	0.00344597313102525	0.00300100665553484	0.00153502481453834	0.00109087529837453	0.00300127874269693	0.00177537042545377	0.00103356729933928	0.00500752523423908	0.00102655159736596	0.00450658660353158	0.025733168845377
A[T>A]G	0.0038764695465981	0.00150495454480905	0.0137866364418796	0.0119115524545039	4.45606610659094e-73	0.000105630527575909	0.000147163118447328	1.26015262192959e-111	0.002103941694438	0.0009335365790261	0.000551085831179885	2.05460750099277e-09	0.00105742326427741	0.00594423200624567
A[T>A]T	0.0164405245563646	0.00305002979635794	0.0160444504544161	0.00222957485700993	0.0161288016655996	0.00778265720975964	0.00852235590384509	0.0125681576887778	0.00722901874186259	0.00974056917910801	0.00443394338429199	3.40439663129218e-05	0.0128235870069671	0.0479583869079667
C[T>A]A	0.000926650576801606	0.000710024185469805	0.013242700580559	0.0126420684952677	0.000315682188178852	0.000516838658769522	0.000132517268271807	0.000103259504440607	0.00202598795617598	0.000790709809711372	0.00118298463580076	2.35557989978753e-17	0.00062588547099909	0.00223113925777736
C[T>A]C	0.00139911049811452	0.000618957398156247	0.0143058061888842	0.00424087194340618	0.0043187729917744	0.000561085144971075	0.00189386782402121	0.00247992649725256	0.0110722155770132	0.0013213603371926	0.00488326743900361	2.14398671493718e-06	0.00460234854177236	0.00237258885400233
C[T>A]G	0.00219128342971015	0.0012628715099887	0.0150532102881559	0.02266698684626	0.000218940693702079	0.000335766021667869	0.000196038387882326	3.24244062863894e-05	0.00449211408946656	0.000907742705596389	0.00141971910892332	0.00182475325383263	0.0014723664816589	0.000912446500811579
C[T>A]T	0.00208105029785266	0.000551085124062428	0.0249309635746767	0.00232049199023604	6.87255191649141e-20	0.000173821366807166	0.000639805882188971	0.000267908085445127	0.0256511206698923	0.00212458208376095	0.00149962356246936	3.60749757127553e-13	0.000382178658476662	0.00597581114892538
G[T>A]A	0.00119081655822648	0.00077314343874365	0.00739130164413897	0.00924283217835126	0.000412423799643053	0.000426521328021631	0.000224895218503116	0.000195528063704741	0.00109860306875381	0.00069884629409809	0.00379644485040157	2.80242891969038e-18	0.00129607403701382	0.00379298375720418
G[T>A]C	0.00125032962116857	0.000634561883982445	0.00576995301772927	0.00341295804535349	0.00226109840167888	0.00151484870560757	0.00173489873950203	0.00317879508521245	0.00246244614397571	0.000769011236736719	0.00698641585956376	0.000512264229627463	0.0036049592279484	0.00482463989349212
G[T>A]G	0.00173373776428142	0.000765695162953932	0.00791712971173759	0.0107254091670036	0.00198664290647583	0.0001706218249571	0.000239268575160405	0.000675371376628308	0.00185740736973475	0.000619645338046902	0.00309497279740584	0.00173867635036319	0.00268795578611697	0.00121944613324382
G[T>A]T	0.00157368910408152	0.000632849616057578	0.0127532053952994	0.00395308877943949	0.00119877177210026	0.00189666096395055	0.00123062034546869	0.000947283723226413	0.00624479896620397	0.00127650041065954	0.00181915834348735	5.09853200116927e-19	0.00178144256843536	0.0111661694436331
T[T>A]A	0.015002284914615	0.00199100259413049	0.01103552601022	0.00735666108397824	0.00894737786810757	0.0021028844685284	6.78481982767065e-32	0.00438994976151112	0.00618302048195481	0.0146949455133366	0.00220386804431058	0.00351751597700749	0.0045943651435263	0.0281805848926126
T[T>A]C	0.000932831648488429	0.000839550120836261	0.0099238096267057	0.00194412324724798	0.000211562600592967	0.000767570738935902	0.00125011263776592	0.000495271480929153	0.00325734171923596	0.000977045628571591	0.00110408280314367	1.73033478136589e-11	0.00117303018905535	0.0126303480994445
T[T>A]G	0.00140163651370193	0.0010206238652528	0.00877226038517464	0.00765905883570314	0.000311633301972293	0.00102133996692626	0.000102867548670431	9.14727750621043e-05	0.00209513167625448	0.000757358330154309	0.00077071941739774	1.47215541348406e-07	0.00116519573792427	0.0030124363237804
T[T>A]T	0.00660160137486696	0.0017890808445765	0.018598099891875	0.00312877905871241	0.0175206316349292	0.00334710465875015	0.00243436531262324	0.00631932497654264	0.0110658904079019	0.00605064575069701	0.00108233749034716	3.94602626698718e-06	0.00795629963426722	0.0617363402450177
A[T>C]A	0.0142056288414611	0.00720528233765214	0.015276240486359	0.0223929600505616	0.0200358490652125	0.00855684597498841	0.013710468543769	0.0123742487852873	0.00715356412895238	0.00838623046479014	0.0619079651289328	0.0158693835265941	0.0329798141934807	0.0634103668214758
A[T>C]C	0.00513837986020068	0.00258701180757495	0.0067074071988988	0.00250989539954241	0.0056143724255326	0.00502593657654058	0.00674128334885427	0.00624829430635135	0.0036535292915657	0.00218569709935459	0.0171174780474458	0.00158745758845453	0.00862787751638324	0.0247300857749709
A[T>C]G	0.00933517915398122	0.00512632106805644	0.0145034432373418	0.0123992280207922	0.0186781352985598	0.00510566517148579	0.00955613644178178	0.00990752328428275	0.00439432125776502	0.00350384033914509	0.0389200857417416	9.65430594415974e-05	0.0268193155981839	0.0101314045396852
A[T>C]T	0.0119949432508836	0.00468689053688351	0.0121278680987483	0.0100547271623212	9.5634023337809e-06	0.00499554054941064	0.00354046036485097	0.00280679542883657	0.00700857702489774	0.00414506664481221	0.020554282752391	0.00120103284993707	0.00809463852356975	0.109126625435462
C[T>C]A	0.00425204115139699	0.00296014658876299	0.00779491949294164	0.00987196903736345	0.0121752833235344	0.00132686589302993	0.00505098631278575	0.00570895705905804	0.00710066187163518	0.00301271485223537	0.0554923034123051	0.00614417914043379	0.0188231080480609	0.00546245377351758
C[T>C]C	0.00402715629028561	0.00259351852085284	0.0101390356487932	0.00098849537553602	0.00692600286466656	0.00135311688958016	0.00576771336605396	0.00538737170022711	0.0276297482438099	0.0016288421289717	0.023453474655628	0.00286539990561975	0.00812069891410261	0.0015540343198028
C[T>C]G	0.00616366705077529	0.00376964683283005	0.00887529694236093	0.00682588430488106	0.0186649701756092	0.00179487261865229	0.00853170785143266	0.00972294503103706	0.0164869213341234	0.00254868749961743	0.0511326053883371	0.00316234025531477	0.0266245943306735	0.00226599703891129
C[T>C]T	0.00511864101957305	0.00194079660936182	0.0138096495395377	0.00171396991888081	0.0128274037307586	0.000484558981875635	0.00354418154910363	0.00644961359721488	0.072172249592934	0.00343757631473154	0.0361896224089464	3.32832393319889e-07	0.0137471851490408	0.00752385968528909
G[T>C]A	0.0085355796596275	0.00333808319161796	0.00803271945795212	0.00684829092001647	0.0254575638711528	0.0140686474596348	0.0245063432580763	0.0245695196821947	0.00324084205226856	0.00453907634592096	0.0878017522487939	0.000711184233546499	0.0330036472963795	0.00790539881285952
G[T>C]C	0.00694080396776343	0.00302044456356973	0.00499215558483781	0.000796284574893509	0.0108080064475772	0.0128094311435432	0.0179218279821006	0.030782178519018	0.00641988094717162	0.00248933876479132	0.0264030457072242	0.00140617550494661	0.0138767738388108	0.00205957472575082
G[T>C]G	0.00645620054497811	0.00680563378230701	0.00680968231440939	0.0034782820960271	0.016634079841554	0.0068284495749298	0.018213933745053	0.0156209485652276	0.00529992522689178	0.00205744704718518	0.0471876256749243	0.00314753977949684	0.0242059232491726	0.00320820013471269
G[T>C]T	0.00996087788078399	0.00302165546341795	0.0103525107589088	0.00471320016794189	0.0121496945356834	0.0161383107844374	0.013382671726899	0.00993830711556692	0.00936351117954665	0.00328520523368912	0.0511038371494336	0.00628212385851866	0.0180182168265443	0.0168314267302213
T[T>C]A	0.0030989582578604	0.00360474979359744	0.0066217625542206	0.00574816933323124	0.014131512744949	0.00824680339436624	0.0124132377118903	0.00796508240991122	0.00956518394608106	0.00815443825383714	0.065236906455005	0.0147506917009574	0.0274515884105659	0.0202867323966786
T[T>C]C	0.00775938061242824	0.0026423020662441	0.00795702459203044	0.000715216181258665	0.0158904211204134	0.00875375712356124	0.0103888678088768	0.0142963869248478	0.00715209784860374	0.0047996038724248	0.0281075548305068	0.00642388752038713	0.0185473327661394	0.00864335079667445
T[T>C]G	0.00461664899042946	0.00854400459520649	0.00647325516688035	0.00378577895472583	0.0112972774301756	0.00582915586423617	0.0106697727338776	0.0066742888834724	0.00489127555055206	0.00365748411281307	0.0320495497081597	0.00361342211630678	0.0175006443424816	0.00515558515176713
T[T>C]T	0.0114800019969262	0.00352536174111062	0.00695445728076658	0.00425869312828113	0.0383581753914148	0.0109262467565064	0.0118143212594615	0.0138891552747436	0.0121085846882426	0.00457015737969376	0.0390904767874948	0.00679393869162719	0.0283742603498341	0.0765665104007368
A[T>G]A	0.0013602388205064	0.000862757694567736	0.00369063497445756	0.000728791601854397	6.06502493212443e-78	0.00533041781868771	1.44392427090791e-184	1.41780345930071e-25	0.00526691192637182	0.00214612991244907	6.96625976164218e-05	0.0163098555764974	0.00426987510793875	0.00861074829335315
A[T>G]C	0.000825324772387645	0.000670775325217874	0.00166774575049104	0.000203693322106111	0.000494281987851461	0.00320816404311038	0.00131367112800854	0.000669372884137366	0.00361623312307165	0.000346894348132298	0.00122025320452022	0.00108942353142045	0.00136601002228685	0.00259226743994004
A[T>G]G	0.00155009129143942	0.000638164202314942	0.00713899196580999	0.0007662496067358	0.00030425074975808	0.00224769757644717	0.000423469902766291	0.00026133029640303	0.00215084505214069	0.000955158177811259	0.000453173045804001	0.00161982982059252	0.00123806176551007	0.002798651082722
A[T>G]T	0.00247428306461669	0.0022123631550532	0.00459036137877144	0.000540601136678006	0.001016319658541	0.025699574037495	0.00630143817776008	0.00211700409743816	0.0367946171292461	0.00132526716079263	0.000547862543049541	0.0100960488410446	0.00212000572460331	0.0047647212782365
C[T>G]A	0.000835213098147262	0.000722389376094618	0.00286208074693464	0.000335875906464372	0.000491477174233687	0.00678671060119252	0.000320766000201861	0.000237946393201468	0.00400611202553688	0.0010952322649273	0.000983274903471517	0.00229206554170795	0.00130468662199016	0.00220646344907891
C[T>G]C	0.00108115105493408	0.000824416646313825	0.00280997952372078	0.000890317190153459	0.00300623598508465	0.00166184889844145	0.00139458684867173	0.00173732332409321	0.0255048536397037	0.000184881634536981	0.0043733957303389	1.98842247735065e-09	0.00403515895804302	0.000254621629062494
C[T>G]G	0.00217983753615767	0.00108452637794692	0.00769040320548769	0.00146137230752479	0.00325990148661404	0.00540366000651054	0.000965854823036917	0.00168399788950972	0.00987552454489352	0.000870693771285713	0.00364868892265825	1.08961091352492e-06	0.00411305158288478	0.000651604396779698
C[T>G]T	0.00021152837704898	0.00220335385957215	0.00326199571392349	0.00242900526176756	0.00123497649992135	0.0129012750218703	0.000178810090941426	3.12722240289003e-05	0.273511733872196	0.000664703278118223	0.00149912526158652	0.0210391833429075	0.00181510028910745	0.00402014410100447
G[T>G]A	0.000436804133894976	0.000396328579585803	0.00406236791122966	0.000378039888608302	7.60630761499358e-05	0.0016896941983454	0.00028726425845783	0.000203885964333043	0.00119008662155425	0.000344225268640078	0.000284587731163572	0.00168726000556174	0.000165912331926976	0.00317645317151101
G[T>G]C	0.000374816084939926	0.000305903568272484	0.00138945024149776	0.000228459825144981	0.000643168183926182	0.00237563752183986	0.00207279780796592	0.00260893018227431	0.00477250775449066	0.000221955297432833	0.00148230657672785	8.90352092514861e-17	0.00129726571605731	0.00215072226450482
G[T>G]G	0.00160845339658784	0.00084970881830749	0.010386132183672	0.00114116940521105	0.00102075703675386	0.00159215362386209	0.000893626381496674	0.00157073887293572	0.00306786120923274	0.000938969410674733	0.00120081509911045	1.77586409466706e-09	0.00179178485360309	0.000185599242674284
G[T>G]T	0.00209163735164322	0.000965443542642857	0.00431363561638332	0.0005329945255308	0.00450688439720745	0.00478994747019091	0.00495442962157747	0.00798880937143258	0.059148469991591	0.000794557271030326	0.00189626349472591	0.00075546208926729	0.00460545492718341	0.00670797391883537
T[T>G]A	7.77442886706385e-06	0.00146788536480373	5.28426098439e-09	0.000698304046899885	3.95556210690932e-53	0.0222324187607377	1.63587632997578e-92	0.000148799287530537	0.00831742800414354	0.0026559570619883	4.33121977311642e-28	0.0258167882599519	0.00768929300439142	0.0130450167024257
T[T>G]C	0.000789490446739144	0.00106290541679174	0.00197176025163809	0.000501030701109391	0.000151814112195714	0.00781336762269685	0.0020695269202306	0.000643986308148278	0.00576895575333121	0.000545321033038107	0.000339491144953681	0.00310539384379703	0.00103076232017522	0.006475602290928
T[T>G]G	0.00288812518658828	0.00107267510579302	0.00791791389252456	0.00108521673293801	0.0030093068105298	0.0035119909257656	0.000428475102846043	0.0013501261886304	0.00415508941159716	0.00173468681031332	0.000987533273317548	0.00417409318429313	0.00426390760360333	0.0042129114005002
T[T>G]T	0.00449484071915052	0.0042219533886229	0.0020880748154256	0.00380823837740401	0.0131932338091422	0.127145884968735	0.0108995503678834	0.00714483449728924	0.0695491309552006	0.00518614897559292	1.42612725676325e-55	0.0249996430948466	0.00632228772000719	0.0678946230843378
