SBS1	SBS2.13	SBS3.8	SBS5	SBS10	SBS14	SBS17	SBS18	SBS26	SBS31	SBS44
A[C>A]A	0.0152663414738007	0.00462148082942487	0.025022960237456	0.0265260869153999	0.0035406759419341	1.93125517267376e-209	0.00883046433157703	0.044389183076743	0.00340203157101123	0.00850179476049773	3.79102558394118e-33
A[C>A]C	0.00834963180203376	0.00308301834996109	0.0192281706294385	0.0108530907651903	0.00507003872111336	0.00217886071590098	0.00248363589015533	0.0171548669240625	0.00271406002326471	0.0276153482325881	0.00167287470599472
A[C>A]G	0.00219634162284288	0.000845815431783962	0.00450323140280066	0.00174742910488393	0.000742422713624771	6.51399818872265e-30	0.00111162057768751	0.00437369075273434	0.000292204501461894	0.00134030207364766	8.90865682156603e-05
A[C>A]T	0.00600485586139793	0.00313600264667997	0.0220441394451962	0.0141440025808591	0.0183192744366189	0.0146223825622952	0.00479476490348369	0.0228254726632904	0.00301748025262613	0.014630515043613	0.00301595211569864
C[C>A]A	0.00962691325999706	0.00317809914890402	0.0183684991921974	0.0170162054987806	0.00684830517511682	0.00329365988345178	0.00889958716802752	0.0413573973252477	0.00291488032473349	0.0150996545678158	0.00877706204201327
C[C>A]C	0.00347307889193307	0.00239013370514074	0.0174824752008718	0.00763106359982745	0.0036074892215209	0.00399793381628771	0.00480230063082228	0.0141782340332783	0.00613898842082003	0.0118004108508829	0.0215468884912188
C[C>A]G	0.00267509787598882	0.000569724001189989	0.00297859107150587	2.71192241217799e-101	0.00149119605495854	0.000540308503292998	0.00072399447587106	0.00633769160862434	0.0016736874579899	0.00133939692561834	0.00368989974725502
C[C>A]T	0.00536225212504248	0.00299809458778147	0.0168460058703089	0.0199009449138216	0.0291290366542879	0.0501599457254447	0.0109833142259175	0.0326396339407126	0.0139382708401528	0.0358004604039118	0.0587046045094101
G[C>A]A	0.0156845417908299	0.00276180556591967	0.00821473366288393	0.0148967043459603	0.00181373497228114	0.000369431103653869	0.0106172141101332	0.0629751492143269	0.00089455524835342	0.0193630673146386	0.000614766702264807
G[C>A]C	0.00451971657428062	0.00143321393822715	0.00808347142984062	0.00651200115145141	0.00637001513241746	0.00395453153693547	0.00370116922724657	0.0140698167511218	0.00256803911608824	0.0394545135840624	0.00273530992232862
G[C>A]G	0.00284073864119141	0.000502747045788165	0.00200972031165311	0.00244790839135995	0.000274043852106762	0.000282660951039192	0.00100578589067406	0.00397821749855449	0.000615645964728984	0.00123771560689815	0.000526265581608394
G[C>A]T	0.00727975897717068	0.0020702726431192	0.0107703455755729	0.00978502853071616	0.011377993219561	0.0267746852514776	0.00654959996588324	0.0383323765676799	0.00261265084788768	0.00606801272722519	0.0060626062597054
T[C>A]A	0.0115264117141691	0.0293523989815041	0.0139817001498917	0.00368274333019158	0.0714730329386623	0.00107369015049138	0.00751671232630596	0.0419383795097677	0.00147373408522482	0.0070881350115948	4.69112645634581e-45
T[C>A]C	0.00903991649017727	0.0120890763302479	0.0147023016961701	0.00724613844495541	0.00883749427657063	0.00495437949550364	0.00304263578653086	0.0255325009245883	0.00073782125277324	0.0114000442337055	0.00188406715973428
T[C>A]G	0.00370454902135772	0.00205878193939639	0.00159986889396158	0.000819380350534546	0.00283886648002795	5.4418863941228e-05	0.00157565255101916	0.00420076632202383	0.000134489866375202	0.000703575013412439	1.93063213562513e-25
T[C>A]T	0.0189188976341826	0.0180378911001491	0.0177644405433632	0.00706027366099634	0.327700923021275	0.0511825577947728	0.018805254084027	0.0794362005283331	0.00440333357186276	0.011876271789811	0.00967365717756482
A[C>G]A	0.004611717894893	0.00270799743207495	0.0161538661808581	0.0162707229703769	0.000225175380747283	0.00162221055183681	0.0036638148663681	0.00236071514712964	0.00205783607194445	0.00432417820506972	0.00252356996229787
A[C>G]C	0.00273862702244345	0.00101436932597857	0.00823245170474938	0.00392945674758559	0.000184808484914137	0.000328383500196888	0.00354738076361971	0.00240238024855827	0.000823277532585428	0.00273038271394156	0.000457086010557169
A[C>G]G	0.00268922722456858	0.00035207556955697	0.0078934967514126	3.0134175976533e-75	0	0	0.00175797398084372	0.00245509543216723	2.91567153024646e-170	0.00175865709432415	4.2081784499375e-65
A[C>G]T	0.00311616018758774	0.0019552914931621	0.0170027288863299	0.00849519309546137	2.57722232102336e-05	0.000389081886875529	0.00539517661647823	0.00379791732036553	0.00221413153892535	0.0067936769849627	0.00242795739365752
C[C>G]A	0.00151187148502774	0.00224762204262215	0.00988786558850645	0.00523151582358507	2.18847641697842e-161	2.85715648157783e-05	0.00340948240901493	0.00217700570201588	1.99674577543563e-135	0.00149557932271869	4.89453649375107e-41
C[C>G]C	0.00152139683069563	0.00112170341874166	0.00932450570207124	0.00506908242907999	2.86957727572415e-156	2.61130880614622e-05	0.00248867787625595	0.00180079616493107	0.000216071299930834	0.0015722605107488	0.00011640110708173
C[C>G]G	0.0030037453157502	0.000513634319864006	0.00561482423574252	1.28041256341737e-18	0	0	0.00187758881647682	0.00213793734243311	3.09853529032852e-224	0.000421774771939698	9.4546715716379e-115
C[C>G]T	0.002232322025628	0.00326320483987406	0.0152216324853797	0.00584096440416203	1.964148409157e-25	2.07688549778604e-253	0.00484079887805856	0.00204450565943074	3.52918799873817e-16	0.00321864616297315	3.8714316300041e-05
G[C>G]A	0.0010572941856259	0.00105769865239066	0.00673918901176854	0.00667838372110846	0.000186458000402255	0.00112162995963909	0.00344667246096781	0.00170203713126874	0.00037534839749608	0.00116524686805267	0.000829473093415466
G[C>G]C	0.00235894258526744	0.000424096388086418	0.00501404378121669	0.00570160991884997	0.000503539440982048	0.000464546617626748	0.00197404015562299	0.000942763640116382	0.00180906083519822	0.0147551654204688	0.00184636271997188
G[C>G]G	0.00103199409638422	0.00014048403609691	0.00308360934157288	0.000372558180544874	5.02048453858706e-137	1.64631538975511e-219	0.00146971837294287	0.000912752749735376	3.24504006738835e-05	1.86302854661618e-22	3.36377569430887e-26
G[C>G]T	0.00110593795364761	0.00158090383187844	0.0101735005469807	0.00837226542816609	0.000167491631728414	0.000524678968028853	0.00335941684175912	0.00203647249088452	0.00108171473087458	0.00709230616042517	0.00116712878013332
T[C>G]A	5.88903612666895e-08	0.117368390377217	0.00525704671272182	0.00515860465611637	5.8379106024762e-05	7.3459709779886e-05	0.0119928113261734	3.51117016247411e-10	0.000730023968611332	0.00151459353716894	0.000388879541287869
T[C>G]C	0.00209038613349512	0.0232746885197373	0.0120211566462627	0.00739495905742435	1.82295690340841e-05	5.95747890643261e-05	0.00564609486597442	0.00116811785976771	0.000358922296563279	0.00276256675488564	3.17837510825851e-39
T[C>G]G	0.00160616306269708	0.0034125116374692	0.00360964201770245	0.00353680447217939	0	0	0.00218012871357404	0.000688906749131977	1.79835998208416e-109	0.000606649355378995	8.70898083765463e-40
T[C>G]T	0.0014058993545641	0.139434477997785	0.0204133812489124	0.00569195976030016	6.86226892130461e-05	3.19807357459263e-178	0.0118719895805319	0.00177009649496813	0.00244081283714806	0.0111122965513645	0.00115002900535359
A[C>T]A	0.0252672254810444	0.00748104052405587	0.0222460068025948	0.0507180680837521	0.00278376209358843	0.0333306075038496	0.011945604440445	0.0154269702649846	0.0158498572639287	0.0114343181311905	0.0721800294670428
A[C>T]C	0.0146461738023816	0.00250264860921203	0.0108067571842663	0.0194995369649468	0.00606227590207349	0.0237953008801191	0.00598284341498537	0.00707200502477557	0.00619751771980797	0.00433256616269438	0.0144017920530374
A[C>T]G	0.123706381526528	0.00763971328430654	0.00850674294897013	0.0622914277429017	0.00568864819468281	0.0583697979424529	0.0254809459291244	0.0635022132821833	0.00698692863519741	0.0100033116510349	0.0359239138743626
A[C>T]T	0.0166337415578722	0.00522586181047228	0.0221882985090814	0.02423245902932	0.00671722582780677	0.0257218704351762	0.00632502259496922	0.0151957125621034	0.00524827784754528	0.00501606118285497	0.0160310883966034
C[C>T]A	0.0195345251535155	0.0120679544955756	0.0105414443177137	0.0169595754103232	0.000760046372925268	0.00687266161732055	0.00778851651891809	0.0114975626775685	0.00311635348445157	0.0291900821669249	0.00833503320833366
C[C>T]C	0.0169348094228819	0.00482019540555926	0.00730307577629372	0.0175471036836248	0.00237877367571102	0.020818936955388	0.0038270969144209	0.0097567058867515	0.00817495339248353	0.112800898318749	0.0105071935063367
C[C>T]G	0.0751427716565946	0.00589401084287065	0.0056610043709455	0.0191152144554531	0.00146730452137117	0.0367104870232747	0.01449587059873	0.0388316197034691	0.0062563820906296	0.00938711751078698	0.0254796336467746
C[C>T]T	0.0185922140942274	0.00800205168927941	0.0172902319973373	0.0315260771560898	0.00302657615675776	0.0198544979244481	0.00825234778127273	0.0147434405676572	0.00755337136396568	0.0892059027554946	0.00971005876147061
G[C>T]A	0.0217881408152327	0.00535508978674228	0.0102649870902464	0.0200501286932676	0.00351659785663917	0.0504927575325374	0.00935608815845252	0.0109910674320474	0.0159859550427434	0.013323469960347	0.0525017770036623
G[C>T]C	0.0193082929581304	0.00400848780377857	0.00860096495872001	0.0161457087529371	0.0134638145362238	0.0588732759167624	0.006917787212799	0.0101598043972891	0.0292673836524134	0.0127919613932465	0.0485414163278832
G[C>T]G	0.0895839357294135	0.00564084849413138	0.00526381660834079	0.021547811337752	0.0104477794797883	0.0876887631490106	0.0132963756703486	0.0464183757345923	0.0226734014510329	0.00793139448359207	0.0551840049167561
G[C>T]T	0.0204965456463098	0.00494715991373613	0.01222748852203	0.0207942296671863	0.013067306405454	0.0502579188810862	0.00803432977687684	0.0115774257485279	0.0204086223286676	0.00928779551202078	0.0386513629941571
T[C>T]A	0.00888179818419762	0.250366136983655	0.000190209369830872	0.000106923833625752	0.00312622018242123	0.00985217099949657	0.0153449350804504	0.00562777028819038	0.00598504140903052	0.00497438535545056	0.00980221734176231
T[C>T]C	0.0214052118193222	0.0546987963723981	0.0111181209912089	0.016221717729783	0.011785790435834	0.0282640940021814	0.0101334715070319	0.0124158489595479	0.00783704234355059	0.0169003943011505	0.00922311537209379
T[C>T]G	0.0545528765691905	0.0277690244496312	0.0017674978770057	0.0109523665612051	0.0452098301410639	0.027232886644154	0.01008922684488	0.0248737193551718	0.00181422828173666	0.00314608098776476	0.013189125316714
T[C>T]T	0.0150599292298505	0.141956269407882	0.0107172385288285	0.00733898148184029	0.0271076164735624	0.0304651829317656	0.0113979910149941	0.0156968285041871	0.00825656793738903	0.0133785052636231	0.0113350927746874
A[T>A]A	0.00788579488455547	0.0015422478733789	0.0123060102224692	0.0106463120117585	0.00278809008395488	0.00109137631154141	0.00659198265575976	0.00511205309990571	0.0159915921724331	0.00753942694169693	0.00773601535164122
A[T>A]C	0.0038181281058781	0.00108410939814643	0.00775721862211197	0.00836344053625811	0.00341469328696636	0.000858842308870796	0.00398103551858328	0.00326622980767764	0.0070384544397759	0.00950681810905983	0.0059131987260415
A[T>A]G	0.00356061406781155	0.00111947838465159	0.0116310312627122	0.0114846294380817	0.00140507184340026	7.0965328466895e-05	0.0041935691009112	0.00634600072096356	0.00388458589520394	0.00420395931198372	0.000976080157094822
A[T>A]T	0.0133514804420166	0.00365321963805553	0.0150823553610616	0.013794574246791	0.0125464749540508	0.00699545141718672	0.0109983682448213	0.0146420343910602	0.0290387169556988	0.0102109813303822	0.0219259735047194
C[T>A]A	0.000612609252235095	0.0011807397897252	0.00873888120598442	0.00508302563346288	0.00088950565187892	8.82829855185429e-05	0.00215609701286669	0.00273000194654148	0.00316257851989685	0.0250804603330489	0.00136066972280193
C[T>A]C	9.29010491801816e-09	0.0013923782511462	0.0125525929903101	0.0046784537375371	0.000734738346603545	0.0016153676268703	0.00510782624563997	0.00471548605691203	0.00487379991103577	0.0247298444093867	0.00430984725527699
C[T>A]G	0.0010449485039866	0.00142913589280262	0.0110544464531476	0.00852240287271145	0.00151513139211383	0.000126482319421074	0.00398777008154448	0.00321491627119051	0.00385537780571926	0.0258455977456844	0.00131122313276747
C[T>A]T	0.000579594953711716	0.00177785349157072	0.0171378301534923	0.00880878015274444	0.00156736053064785	0.00123044753815656	0.0144845783657248	0.00707363368110361	0.00239202999873655	0.039498542104405	0.0012034312007135
G[T>A]A	0.00130784926518351	0.000964869912648533	0.00678825214104613	0.00325543113745362	0.00358331895731916	0.000208458967117614	0.00166416074529708	0.00280694609223432	0.00644697766983493	0.00188591099307011	0.0016610584085893
G[T>A]C	0.00068994010949468	0.000381969284594653	0.00594987022301966	0.00269044869608676	0.00592629146363471	0.00122688483537423	0.00299465146853546	0.0021568421005502	0.00463732914427077	0.00446907038338827	0.00291685144463824
G[T>A]G	0.00244324315493591	0.000670971285134808	0.00725093874647404	0.00212024712883204	0.00141299036341719	0.000150069549652521	0.00244458569292993	0.0032555042905746	0.00560845539565665	0.00382804992855942	0.00230413175809967
G[T>A]T	0.000638366572348615	0.0011239290347643	0.0123418698011092	0.00800929041312377	0.00428812757045889	0.00109831535968899	0.00634782611889672	0.00514365644561329	0.00419364681607675	0.00305347922158724	0.00270144213601766
T[T>A]A	0.0149057721804179	0.00259689442668784	0.0111466754553363	1.61613877513492e-90	0.00459206255986546	0.000550844087630744	0.0141656849747131	0.0197043927560956	0.0114528632610071	0.0120383636527264	0.00783106621353144
T[T>A]C	0.0022890167444197	0.000979918816881664	0.00982124998086599	0.00482695099785828	0.00198845413123093	0.00120836880968474	0.00417950722994334	0.0038909512204562	0.00268102163247979	0.00548837573557492	0.00156105350847281
T[T>A]G	0.0020736192689186	0.000908438404629137	0.00741752798495563	0.00402736404659203	0.00401332213591054	0.000107195671662718	0.00209445339683609	0.00273820953143253	0.00340949916045583	0.00378612244665853	0.000972458129396489
T[T>A]T	0.00999399058636202	0.00312871231007384	0.0209227782953788	0.00932012764865852	0.00840254459160537	0.00290738584452743	0.0121075603144657	0.0116862323270471	0.0136649383567942	0.0145002771616422	0.014628509738816
A[T>C]A	0.022631459994757	0.00391099257281245	0.0223760332402881	0.042878912443195	0.00731015870984505	0.0167451955162606	0.0113972402331792	0.00934547021611169	0.0561615237468532	0.00952749122560411	0.0276965811546807
A[T>C]C	0.00652913011933748	0.00131384551555153	0.0114780728579132	0.0108985286587801	0.00450848007043986	0.00768912255607928	0.0055580557148443	0.00467858085598419	0.016928471403078	0.004651474629839	0.00861797668713017
A[T>C]G	0.0144383454607976	0.00269255610364615	0.0160716317442783	0.0267595076926356	0.00734424749166424	0.0100011523446907	0.00781865743956076	0.00242593859883435	0.0455518077291075	0.00592668697176819	0.0268144651144487
A[T>C]T	0.0194398341272347	0.00386898437329204	0.024412366484198	0.0344904776033386	0.00709886188134359	0.00675841196782407	0.0121574273999429	0.00891519943789733	0.0217844461105116	0.0042872765461847	0.00787033666501802
C[T>C]A	0.0069282527341184	0.00108669483628828	0.0102560560607587	0.00774701194457148	0.00239539924226099	0.00423289364618368	0.00900636484904253	0.00362383938114108	0.0329535024764142	0.00933519348027064	0.0175974355799685
C[T>C]C	0.00437981212703838	0.00132179556444839	0.0135782633247537	0.0117687610690803	0.00199861637498682	0.00714669679785818	0.0203330006765546	0.00366392142650266	0.0185708363274553	0.0116262700517126	0.00968941761159748
C[T>C]G	0.0074949178318624	0.00145456390584615	0.00978477711021104	0.00902560220169239	0.0048509155046453	0.00674450655130001	0.0174237786045356	0.00250882929859276	0.0489047247055637	0.0100638259367911	0.0312770872049631
C[T>C]T	0.00648474993068032	0.00155667260278325	0.0129814555061142	0.0083483079385993	0.00414572982689632	0.00497441813546353	0.0516088107899337	0.00564884644881163	0.0297062148340886	0.016075560862788	0.0164774560946122
G[T>C]A	0.0106523232743988	0.00119884349163393	0.00912509482446163	0.0116469439017015	0.00684628221953044	0.0272262092342915	0.0049353183452594	0.00713139322462957	0.0666399636586428	0.00437848719684139	0.0331124829563334
G[T>C]C	0.00651858502607911	0.000850912416469929	0.00566502868186523	0.00561000732110814	0.00660435312430073	0.0176513712087722	0.00786383929401271	0.00447030829255922	0.0193686282056523	0.0118296724351617	0.00995589826175293
G[T>C]G	0.00942907651278038	0.00111169329231978	0.00728479258288452	0.00845474938801546	0.00592537305809531	0.019699975575235	0.00606632046199423	0.00314444157845197	0.0480995502629853	0.0051966065482696	0.0230993101845648
G[T>C]T	0.0122597880466153	0.00199659093078507	0.0112591774354515	0.0147026112338404	0.0105592635812598	0.017450736808513	0.0106773025336888	0.00415394386282493	0.041374853292438	0.00457500562391094	0.0170377971329491
T[T>C]A	0.0112444935672085	0.00159994923242367	0.0134594387757011	0.0138622284010882	0.00760272246420371	0.0121236118272067	0.00810312453560538	0.00605147045296503	0.0429527404606302	0.00767576098348187	0.0234039385000325
T[T>C]C	0.00882037482178923	0.00150400161128443	0.0120146649670314	0.00832953019615454	0.00896849877973531	0.0116311837052609	0.012320172615158	0.00637615833198905	0.0248684652548524	0.00854825438425336	0.0158909667123001
T[T>C]G	0.00916197155157783	0.000878884484493749	0.00663941516407478	0.00988300449988996	0.00716158543735633	0.00907747850997499	0.00667435065263963	0.00219601582401159	0.0251640306146645	0.00426387664145663	0.0182641143035766
T[T>C]T	0.0170971623949511	0.00231415979487245	0.0138256056533377	0.0102996975580689	0.0128662188295535	0.0125549081403154	0.0163887039096027	0.0073218813425825	0.04671763004714	0.0142234817185546	0.0371978736610295
A[T>G]A	0.00336659808266606	0.000535691891323935	0.00651209565777648	0.00244604509413858	0.00589532089376648	0.00021800725049025	0.00421909805956135	0.00281264866813926	0.00386222294503963	0.00267591064424055	0.00018097284869398
A[T>G]C	0.00141881563509366	0.00039485746551904	0.00236007290596806	0.00106254658021094	0.0026165784320715	0.00226432868371717	0.00392085204934622	0.000405403964069433	0.0030908747441287	0.00182930220997353	0.000910206921753701
A[T>G]G	0.00166693160581309	0.000637806525498661	0.00906528337071044	0.00501181488745107	0.00221480707362009	0.000777738522378003	0.00409422258904846	0.0016046328941844	0.002061650370111	0.00365005328068138	0.000363807526095632
A[T>G]T	0.00409869007649956	0.000934556745211853	0.0053760050015612	0.00499884186098063	0.0219811408603485	0.00917209540568087	0.0347145752581638	0.00209508126188682	0.0060244637065129	0.00202602635512837	0.00193672766947678
C[T>G]A	0.0014841011050808	0.000345984180957935	0.00382535482728263	0.0024742680743761	0.00491288488777462	0.000381753218091163	0.00451682876530876	0.00100262156055258	0.0012390114991558	0.00245464297191733	0.00056902169970938
C[T>G]C	0.00183769387138037	0.000479633187416441	0.00470175931929391	0.00453109111794718	0.00118662567382047	0.0018305125165421	0.012835867905058	2.19678087248245e-05	0.00517840936605621	0.00144235362953692	0.00295527618246421
C[T>G]G	0.0017796411686774	0.000936958529156208	0.00838906083032634	0.00440109475663677	0.00482169742074459	0.00116354594443856	0.0100846042080224	0.00217519477530522	0.0052209662240979	0.00278301645985277	0.00323622137293576
C[T>G]T	0.000542173788358365	0.000993171413542291	0.00527284170752153	0.00352361010751703	0.0133777611795524	0.00616030041470554	0.14411469741025	4.49700233216135e-09	0.00387313594028407	9.21808967472634e-05	0.0049772019339573
G[T>G]A	0.00080888492879493	0.000458281507808375	0.00381402096442183	0.000706086794608925	0.00142734092902492	0.000379668173605853	0.00145981488322248	9.79574613523898e-05	0.00156546607384946	0.0014809497471103	0.000135639698391209
G[T>G]C	0.00104800390014708	0.000185843261083807	0.00223656863140501	0.00118965253185017	0.00145084904831591	0.00193634623644343	0.00340186092777803	0.000348764062760637	0.00149601792473989	0.003205469178991	0.000582503343142552
G[T>G]G	0.00135618775864594	0.000616952555301292	0.00844403725553117	0.0057067089851478	0.000847654494411031	0.00113164436717009	0.00371339221189045	0.00188675013778362	0.00204715099172074	0.00224619982731084	0.000515367036562689
G[T>G]T	0.00203416375702582	0.000358492098328635	0.00482848592115722	0.00244621110591098	0.00365582995898346	0.00446344723044439	0.0373381367109533	0.00190063389668601	0.0064397416310786	0.00243904222330968	0.00459277014544033
T[T>G]A	0.00385009425200718	0.000569227252600179	0.00692211341162754	0.00645117357056759	0.0159004197829921	0.00055509603225361	0.00951166741548493	0.00189281160735568	0.00118972536799327	0.00210443663497833	9.47023629820713e-05
T[T>G]C	0.00263187065892276	0.000203646528236027	0.00489187759730394	0.00728185600332269	0.00474512488880324	0.00362806138092459	0.00570363956414494	0.000565362871532823	0.0018749470341268	0.00260491798617385	0.000417924518572794
T[T>G]G	0.00274763718048082	0.000929538195746804	0.00998155946379116	0.00558710983488751	0.0030585463689125	0.000599653684041205	0.00690833165955413	0.00271258269236899	0.00311007371950165	0.00426517612572666	0.00180865968933077
T[T>G]T	0.0105378956750737	0.00145035573738527	0.0113299778128087	0.00878411511085838	0.0891699460534445	0.0174162821230348	0.0745963590304661	0.00443410401288942	0.0123634786965695	0.00910267309130515	0.0124713509621677
