SBS1	SBS2.13	SBS3	SBS4	SBS5	SBS6	SBS8	SBS17	SBS18	SBS26	SBS31	SBS44
A[C>A]A	0.0121455900412589	0.000595358641216224	0.00887950301808377	0.0531282159921577	0.0151967875504588	0.000546723538050555	0.0335266569260779	0.00348487206018281	0.0456471641298989	0.00315709947997163	0.00944265481768397	0.00030556803140141
A[C>A]C	0.0113883365663582	0.000404494850665451	0.00653250178574001	0.0276318691733789	0.0133811621206525	7.72240571780449e-45	0.0342444686891872	0.00332873750629668	0.0184226346763874	0.00312080514258002	0.015250244364353	0.000298660230518908
A[C>A]G	0.00240425062981522	8.69486318193921e-05	0.00283685944151205	0.0158950544437787	0.00264718325075704	2.43910418308978e-212	0.00344896378174629	0.000422660623675289	0.00340521369268985	0.000151165825547574	0.00278334647615852	2.16107837396679e-176
A[C>A]T	0.00534961030581516	0.000414773680140799	0.00777522093984525	0.0366701379107257	0.00646722038458158	0.00224371057519036	0.0358778571483908	0.00280312419471863	0.0221445857815292	0.001882867153987	0.00645159496013021	0.00294494251797818
C[C>A]A	0.00645233944677791	0.00100276301868503	0.01249799522771	0.0707137302813814	0.00555392892684827	0.0070879819481822	0.0288891147754039	0.00240641871892498	0.045459593757422	0.00396486941767601	0.0167415749077076	0.00894311525511419
C[C>A]C	0.00414539622467617	0.000560236726425078	0.00958727058717228	0.0652772324790179	0.00601563737919489	0.0147047648288306	0.0327249666222898	0.00148029632224869	0.0149980186852495	0.00558135069166039	0.0144907591086718	0.0201979758383892
C[C>A]G	0.00187036647556237	0.000194337517261016	0.00317466040162864	0.0183580227761495	0.00169232454835457	0.00145572413419474	0.00258003649046045	0.000254394026903194	0.00618638453218875	0.00209859768524188	0.00261772944505931	0.00442728293501433
C[C>A]T	0.00369751258939173	0.000556686924765471	0.0107275719594413	0.0592126148226574	0.00319935777166903	0.0347071383389129	0.0294622565688467	0.00275843042791345	0.0338975175110368	0.0102087918997437	0.0458342712863987	0.0516042047359337
G[C>A]A	0.0109580579045999	0.000259675319647323	0.00694069834229157	0.0272245570145367	0.00437670485803966	1.00274955294358e-171	0.0108851410379002	0.0030284337049476	0.0651523325589551	0.000881155399241491	0.0200572945172037	0.000277257010664198
G[C>A]C	0.00409424189542068	0.000273313514127244	0.00866299040124113	0.0321301138443639	0.00666517630440372	0.00146741623741368	0.0166563567133937	0.00115404384626523	0.0159691455024082	0.00191679955692313	0.0275689100523662	0.00243360116740715
G[C>A]G	0.00305538857718405	8.98883008663255e-05	0.00139644460154639	0.0139662019839781	0.00280086360048785	0	0.0010192148718453	0.000389029901324483	0.00518132570588863	0.00027859962204563	0.00180351720651861	0.000290936592778011
G[C>A]T	0.00508967101022953	0.000160885616914788	0.00654906079261827	0.0167643909822331	0.00311501432270819	0.00368594460187927	0.0176004651033158	0.00228741453227989	0.0433530182642245	0.00251273144810972	0.00529243616027862	0.00630610436046845
T[C>A]A	0.00146290704064067	0.0287552810845702	0.00374555426704075	0.0289712311941237	0.0131238938280019	0.000966065675869299	0.0115956942154065	0.00375782769832007	0.0764771345630878	0.00169053189687047	0.00754288484796267	0.00123635956710668
T[C>A]C	0.00579949317023292	0.0105959310442884	0.0104483436137178	0.0398477383266962	0.0183009906346722	0.0028085437425419	0.0164914860663883	0.00243124923934688	0.0425913315939303	0.00111887768024124	0.0100491332699769	0.00188190744947256
T[C>A]G	0.00289495675408658	0.00199255179757707	0.000464572154782561	0.00600192875296732	0.00288279747541419	1.25209746546799e-182	0.00057958581297031	0.000593375729845407	0.0097277285697762	0.000154997097864154	0.000774407212787939	3.73537256441177e-05
T[C>A]T	0.00582564969817496	0.0141923101058159	0.00725654684507283	0.0171346850461556	0.0103923478140387	0.00736298362157128	0.0143670145890689	0.00723805457261811	0.129586310111289	0.00678474248667768	0.00683076983885345	0.0103177161841891
A[C>G]A	0.00397734731232808	0.00201711850227639	0.0315705191184671	0.0130957015976198	0.00345847818732333	0.00226057430551751	0.0135045683028691	0.00184841975463084	0.00350599366489056	0.0021507262595715	0.00249714258398379	0.00213140530674371
A[C>G]C	0.0028650866576701	0.000463457929811517	0.0170192508521843	0.0039682674001852	0.0053853974544196	0.000197293820624798	0.00623113107703781	0.00184275273850353	0.00440380119858265	0.00171798031286494	0.00114401439216561	0.000370051379342236
A[C>G]G	0.000495529602558273	0.000128208791187421	0.0122575827464288	0.00139410816367601	2.99446198172178e-05	4.41643948299274e-05	0.00142878825713329	0.000283346811646571	0.00113454199456897	0.000562519311391175	0.00282164683880082	0.000146022336547576
A[C>G]T	0.00246780698999227	0.00209345892832297	0.034625201806488	0.00812185936041223	0.00232504097476172	0.00123098818626354	0.0119816049418349	0.00454769717398215	0.00338208963017897	0.00285344472174471	0.00209451530906661	0.00205497264434647
C[C>G]A	0.0011161665773749	0.002534118729531	0.021431454752465	0.0104711963577118	0.0035055137905277	4.4073841027107e-17	0.0105508463971317	0.000550066354239063	0.00176681964028558	0.000518427920006777	0.00268454560337823	0.000167989521202636
C[C>G]C	0.00212189226199857	0.000562494201054237	0.0168990066424606	0.00775159371524955	0.00443073690700327	0.000334008411606189	0.0109963606702037	0.00032360452527161	0.00096526561740389	0.000212812685330153	0.00251767794449713	0.000124157510797602
C[C>G]G	0.00177960531904249	0.000171183589550534	0.0110237244094594	0.0021323611964868	0.00129475180131155	9.05192856192903e-05	0.000947771192156299	0.000277933952646872	0.00142413527367224	0.000223902494155408	0.00365955580280997	1.30041446845768e-20
C[C>G]T	0.00184078016535597	0.00304443578215329	0.0303121471324789	0.00897302085268077	0.0055120263475973	0.000199337182666528	0.0136148244130716	0.000821364483765514	0.00178859423247666	0.000521689091177208	0.00443806135107794	0.000224465829057269
G[C>G]A	0.00158128463364793	0.000657207907662505	0.0141886769351707	0.00788554484524349	0.00216992730154647	0.00061559170748073	0.00647501641023917	0.000259066751496186	0.000837166560297574	0.000749275074489834	0.00386120450846365	0.000435045373030957
G[C>G]C	0.00165336082454131	0.000322158414210257	0.0159492823060473	0.00712156581145922	0.00239076227078247	0.0010444856526426	0.00459579125688	0.00178998825283982	0.00146498538220074	0.00193118001365072	0.0115880938072916	0.00123182912548796
G[C>G]G	0.00048074786502391	6.95068471173876e-05	0.00541926647956509	0.0031191656167699	0.000805320336075443	0.000204775528044764	0.000778761941210079	0.000108502906164262	0.000475257981563423	0.000324850527324957	0.00191575048740267	0.000105565546055922
G[C>G]T	0.000764228443059951	0.00146968270706416	0.0235808713059851	0.00465603448745093	0.000894644451552858	0.000633605368274128	0.0104396042917213	0.000984373823863925	0.000489582767059608	0.0018566080651217	0.0051176082146317	0.00131323031617189
T[C>G]A	0.000233446482762717	0.145979357095909	0.0267568413605706	0.00238776321728713	0.00132854000324149	5.75722405128086e-09	0.000849036108513315	0.00476807045000261	0.000716169456928148	0.000793208715491283	0.00016478315894546	0.000437972867733134
T[C>G]C	0.000619461589152154	0.029359628386741	0.029170741336922	0.00650116644109981	0.00688430690950943	0.000180938478001788	0.00966811376497654	0.00131017434589518	0.00345342477558869	0.000764300856565316	0.00133742022809391	0.000396569380619373
T[C>G]G	0.00128097563253129	0.00578531587882224	0.00638611371989282	0.00135484069529331	0.000550028206541536	0	0.0004629015519853	0.000724861734841143	0.000948459816407551	5.6595501527394e-05	0.00123893456299024	0.000152500521889822
T[C>G]T	0.000109468371368558	0.182729314017519	0.0595554057138754	0.00115848796209347	0.00483080996751846	0.000702371429161111	0.00755803207301302	0.00643688992556926	0.0079991536231019	0.0034490655069839	0.00357987136991635	0.00262765351704103
A[C>T]A	0.0254632389007473	0.00465796523826242	0.0131896875690032	0.00966857438659162	0.0305344112736138	0.0493538988060394	0.0225088335864339	0.00453701840344438	0.0165436561034351	0.00708832694359175	0.0195915365526983	0.0596721925860672
A[C>T]C	0.0141957665560603	0.00136109430668329	0.00575603145079449	0.00385009983591426	0.0204340444834477	0.0101202046668942	0.00936001591252158	0.00227589966567797	0.00932003666556083	0.00443607095347662	0.0130229619022999	0.014533294828719
A[C>T]G	0.163435289413062	0.00140354979675863	0.00400485527467738	0.00077172399323264	0.0204780158655879	0.107994582999177	0.0084171176910793	0.00824465358435672	0.0184206665918033	0.00996084467784441	0.0100983725179146	0.0274831046194797
A[C>T]T	0.0133874585918057	0.00186103925640444	0.0125809383321162	0.00194435108618607	0.019663727830097	0.0102128744624738	0.0241831604157555	0.00288984676967094	0.0102237413687799	0.00437762492360521	0.0123413242281657	0.0166465640278089
C[C>T]A	0.0174359609401653	0.00989564133637713	0.00865950448783739	0.017111007218317	0.0325855093876468	0.00632522579416528	0.00675578976149624	0.00483026101918743	0.0174053910650911	0.000973782841267675	0.0349424566386887	0.00543952307751984
C[C>T]C	0.0158875842042554	0.00212532427807821	0.00451393642587377	0.0133105315871361	0.0295298557894725	0.0105346516907659	0.00567420487115436	0.00323111068676781	0.0105946564234285	0.00411682953037448	0.141709365113712	0.0094225559694176
C[C>T]G	0.0938736255149123	0.00268141219076809	0.00658999094324572	0.00282293261888863	0.014859008289748	0.0592305014952292	0.00417368765785614	0.00566528252120124	0.01287529066684	0.00826211978719205	0.0116044612769648	0.0197734933966973
C[C>T]T	0.0164066079309206	0.00467723521692279	0.0120926602832613	0.0164207860522919	0.030772757983982	0.00927593738148488	0.0210828347164155	0.00329242838673878	0.0114132785561402	0.00487361624494306	0.118332840284877	0.00839820396226555
G[C>T]A	0.0189066226469113	0.0046782585570495	0.00999415122634293	0.0052578058823137	0.0271035148188142	0.0454390655234148	0.0103181561787564	0.00270387025189445	0.0148800495329681	0.00498893494164432	0.019407173395095	0.0526023788014472
G[C>T]C	0.0186978597601577	0.0018600609616316	0.00582844875615405	0.00439240593701073	0.0284173068949474	0.042006474037165	0.0072126716096537	0.00335681107634865	0.0126038509316363	0.0188947145702208	0.0159146173066681	0.0548683644312942
G[C>T]G	0.116442094784436	0.00165770029447567	0.00276523204624052	0.00295061053650809	0.0188621016578892	0.0779192294725744	0.00505179199112816	0.00746186679072397	0.0170528300216606	0.0328696632415918	0.00636201913894533	0.0550299399865185
G[C>T]T	0.0158395752009523	0.00235163410933024	0.00665755301727509	0.00488045434506263	0.0237178397680661	0.0277362565695358	0.0120661146285826	0.00318358923452438	0.0109446948502697	0.00989660965494025	0.0140212384011624	0.0407820806361332
T[C>T]A	0.00672665465600067	0.285433679446957	0.00307877116844177	0.0063808234420944	0.0196489439326357	0.00105749076280045	0.00195130110106686	0.00869848732620413	0.0137535276212708	0.00271899847940294	0.0106863969131925	0.00997642570474988
T[C>T]C	0.0184883573144088	0.0525757490577749	0.00741909594169925	0.00422392302718446	0.0412893222840118	0.00810570506397824	0.00498108721804158	0.00831032688154853	0.027774375255464	0.00461406321958518	0.022607697990335	0.00795969097028952
T[C>T]G	0.0714759844583302	0.0290230014612335	0.00321770269115083	0.00057594059924136	0.00733701213343135	0.0318246747563321	2.32633951861977e-06	0.00603108260105755	0.0103483050092935	0.00291981063868044	0.0070742432371477	0.00853542200581924
T[C>T]T	0.0130432849959121	0.143498932218154	0.0106625631611702	0.00820645571097393	0.0289833466610876	0.00335150474620683	0.00916412256937211	0.00994478681461259	0.0240494683887048	0.00924748122107182	0.018718891064772	0.00995834527829513
A[T>A]A	0.00630333960102211	0.000409801574057767	0.00164402590412939	0.00998782926321927	0.0153231168463756	0.0103952380657693	0.0131210143320139	0.00224485161324639	0.00779897412959213	0.00810789555449472	0.00363580329755082	0.00586356649336492
A[T>A]C	0.00882276279292318	0.000314352369843415	0.000366908524076417	0.00229308056102466	0.0142430377261318	0.00809067478282748	0.0120401212634378	0.0020560601734743	0.00390879921173871	0.00570548412991218	0.00349985913538622	0.00434843356001886
A[T>A]G	0.00846682012806525	0.000325313932635314	0.00270027310476195	0.0106774294292	0.0124535819333065	9.6082972858203e-109	0.0166667013774631	0.00109068391494046	0.00346888269376753	0.000389700362807452	0.0047900291811973	7.5838313827315e-102
A[T>A]T	0.011252934092289	0.000405409972605339	0.00163103578974485	0.00106947908491172	0.0163705452741868	0.0214256750773935	0.0198114329544119	0.0054829163427462	0.0179974053579552	0.0267074504537052	0.00354721592182378	0.0232118394685656
C[T>A]A	0.000553138724098456	0.000180149027192733	0.00701870272852968	0.0144558071432089	0.00221510130336027	0.000506647803722677	0.014575206799386	0.00101149259829647	0.00158954616461797	0.00136397281888624	0.015483319002507	0.000685738350158777
C[T>A]C	0.00269729210431121	0.000298052452989196	0.00547211174470579	0.00764102662456788	0.00295321677868844	0.00357126670100367	0.0221924335671635	0.0138207460588179	0.00172906836648136	0.00314230378777128	0.0171634044883161	0.00279979521585817
C[T>A]G	0.0016362051612205	0.000245312146262349	0.00814938177634092	0.0261768811213314	0.00457190377926579	0.000635539285418816	0.0200181991557478	0.00337715155030452	0.00190071971191082	0.00211963909100864	0.022583026367475	0.000617233697044268
C[T>A]T	1.82209933791922e-06	0.000175077260551748	0.00849000073271266	0.00900792774750061	0.000504976773320271	0.000698009362512228	0.0328930577858852	0.0304834148712359	0.00151974681982857	0.00152024891171953	0.0313519142236608	0.00115444343233135
G[T>A]A	0.00147570403265523	9.04187015436498e-05	0.00347079154363682	0.00895201363485608	0.00375020131818525	0.0012147475551622	0.0102170797729601	0.000489928467954834	0.00176602793931722	0.00168916220456702	0.00155425416395562	0.00156673829529556
G[T>A]C	0.00313580549228578	0.00016033430246048	0.00249728743071919	0.00178355008250289	0.00456786312839061	0.00369567915875164	0.00972554881419833	0.002630613548825	0.00152436966903196	0.00308743754209482	0.00239954118778523	0.00226925266047801
G[T>A]G	0.0023580458121533	0.000112535810820567	0.00472022974028646	0.0121141706727213	0.00506454321234823	0.00197172552405495	0.0116669407540849	0.0010811248968485	0.00174392887758504	0.00322167678614075	0.00172074213634504	0.00195469667343272
G[T>A]T	0.00256783770577776	0.000178024439948519	0.00405701247242513	0.00316821130980214	0.00339350362899589	0.00294886794168827	0.0217338214927221	0.00539891096791179	0.00182021268954518	0.0034985139419446	0.000974701802622265	0.00267884189645055
T[T>A]A	0.0162740545260401	0.000299848898906784	0.00834366518633539	0.00662333523036618	0.00924735313843547	0.00730906305160646	0.00978050951254162	0.00569702291766617	0.0185708962048729	0.0143374608554017	0.00515367494197712	0.00764493997953735
T[T>A]C	0.00266976753467237	0.000315668355353113	0.00399361112854672	0.0022739726626713	0.00610135843479289	0.00144740724479528	0.0138014172711349	0.00244936684276856	0.00245591428700205	0.00131298738988229	0.00178472731372724	0.000916252386972311
T[T>A]G	0.00145009270400858	0.000137443311621764	0.0039511676762565	0.0102507093671366	0.00396905704447752	0.000295184889604079	0.00971888245352179	0.00121001047395706	0.00263202845504289	0.000780613050739652	0.00235885776895456	0.000642050926006397
T[T>A]T	0.0088460539019268	0.000311972477873069	0.00966728788200391	0.00302998387593191	0.00636598955832158	0.00705674442106528	0.0317320162257766	0.0102038456417207	0.0087022521729791	0.0129954379151907	0.00389366819280625	0.0163911424808261
A[T>C]A	0.0187603720757115	0.000809534237541664	0.0178648648753065	0.0240311413986666	0.0420121646786973	0.0272849236074046	0.00997803291035244	0.00385580442301345	0.00618530239735052	0.0571597442927133	0.0110915701789201	0.0303509053727483
A[T>C]C	0.00633062910684851	0.00022864231171004	0.0122735433631398	0.00237411105399509	0.0104792158992244	0.00654943249580231	0.00800509174856866	0.00179347091148962	0.00152311187863148	0.0181443100419655	0.0049394555015149	0.00872504501962456
A[T>C]G	0.0124427605235526	0.000475210819629626	0.0135118193071936	0.0160176004512645	0.0253708483522979	0.0171331593485316	0.00831599981936993	0.00214485928573319	0.00221049019431229	0.041467457670765	0.00877864481212385	0.0311893122826235
A[T>C]T	0.0187725765992834	0.000660859942658828	0.0199148397471029	0.00946631578683637	0.033638022427802	0.00919181131989077	0.0159321190306974	0.00488579344350384	0.00323085000378606	0.0235702604232588	0.0111666488083628	0.00835491871444486
C[T>C]A	0.00526418042883579	0.000255023126321796	0.0118193381850312	0.0114331806129514	0.0120967930051234	0.0247467317483467	0.00579978119552266	0.00567358388581296	0.00182459758573675	0.0395211627814022	0.00780890356895326	0.0206468932298809
C[T>C]C	0.00401751951859869	0.000207195207964341	0.014675760009243	0.00130246646826429	0.00529063065504825	0.00988030262821738	0.0148316453276	0.034302323042657	0.00077157440228184	0.0194984586293568	0.00855824415345437	0.00866921385879465
C[T>C]G	0.00706773104836273	0.000289750781717044	0.0123269558274041	0.010363112512119	0.0130455219975452	0.0267348341376943	0.00568542605867422	0.0175739050752135	0.00242528567638094	0.0526761441757138	0.0058623566661761	0.0341142471605316
C[T>C]T	0.00404062223511412	0.000314547763273007	0.0129119238058766	0.00560228942943238	0.00865637644336774	0.0126551657750479	0.00974821151454778	0.0891742155722634	0.00190518483988348	0.030630728246122	0.0176487754788936	0.0154620499438351
G[T>C]A	0.00832196476672764	0.000432005957740725	0.0106367546262704	0.011110343021316	0.0188122883696119	0.0401995368275389	0.00306231819693209	0.00272625085981062	0.00345112430737778	0.0866483772956945	0.00537945443202959	0.0436817662676803
G[T>C]C	0.00712793411261902	0.000277311753583875	0.00976756285103197	0.00225383577935884	0.00901929314671866	0.00880441237755806	0.00313821686808822	0.00709218205366464	0.00142607911874234	0.0238665121270903	0.00606747433148387	0.0100808940882362
G[T>C]G	0.00735960885764439	0.000274143107262271	0.0090330991925174	0.00624115148773263	0.0135546618163987	0.0215012995937536	0.00353226493907073	0.00454954713155502	0.00221336460982817	0.0446798254448163	0.000239998413544463	0.0279616416808803
G[T>C]T	0.0101607731152274	0.000536924813481099	0.0102155496686839	0.00592683012117488	0.0193993413880401	0.0233594606808645	0.0060136790051012	0.00809722861902302	0.00282391607045015	0.0540648370735404	0.00546757681628396	0.0241219149794012
T[T>C]A	0.00765171255666362	0.000445298396298662	0.0140563212375636	0.0102980374282737	0.0184232632818748	0.0368235277601431	0.00318249326750524	0.00409231883135786	0.00434575824606833	0.0590229968615393	0.00476654678298442	0.0281154411071501
T[T>C]C	0.00747181778672057	0.000267299136782337	0.0148231850607306	0.00399542112685044	0.0101943580161535	0.0147935930777816	0.00589100713816134	0.00574516407590949	0.00346164088475543	0.031742846565702	0.0034049889171307	0.0170689665941069
T[T>C]G	0.00626447889469563	0.000235175924306394	0.00630623322826479	0.00627418680695194	0.0128978065401689	0.0192606641151476	0.00149488319732945	0.00284066316852473	0.00381061953070954	0.0303477310911697	0.00223791322292489	0.0201844259542926
T[T>C]T	0.0126797612363426	0.000545199009561679	0.0148702026451525	0.00603117119236502	0.0190008640802708	0.0302716015415612	0.0064799587774563	0.00886743259542099	0.00618355497077601	0.066649538318601	0.00875427490621477	0.0425405137023147
A[T>G]A	0.00145963149914374	0.000228970697342372	0.00808553507411897	0.00174592062818632	0.00550426661890595	1.50300593461471e-59	0.00177771793491434	0.00234714147355547	0.00392545184455181	0.000280496825745945	0.00326276115559845	6.7582766630361e-05
A[T>G]C	0.00170804150692768	0.000128354298941242	0.00284255995642815	0.000415769894917601	0.00366685557708973	0.000207620981973318	0.00130287600861278	0.00373933445943119	0.000695066672182546	0.00185213325401913	0.000906973553314622	0.000604807218623157
A[T>G]G	0.00142000177867447	0.000158064814054274	0.0101817600310815	0.000105183152784671	0.00335398516389163	0.000296275066026767	0.00924895339741466	0.00105972154662166	0.000528531661618281	0.001594019702962	0.0031001438467227	0.000491294964793443
A[T>G]T	0.00238453159840618	0.000151091870546603	0.00724649015630932	0.000248864120591885	0.00676297837559598	0.000494117372367641	0.00297848665009693	0.03555132551733	0.00214685960302696	0.00183256465517062	0.0036468725829922	0.00162208622343598
C[T>G]A	0.00106639231103047	6.82080233363488e-05	0.00744599720163764	0.00109485425756738	0.0021858868176407	0.000290030436475636	0.0025486769186876	0.00337124543107252	0.00095047698282886	0.00103495922764974	0.0027227680999911	0.000350715745565466
C[T>G]C	0.00182496439377241	0.000111431852697162	0.0071131202263917	0.00073810798269552	0.00325139739584498	0.00134273454058707	0.00335348644669625	0.0310303117235584	0.00012584819780756	0.0046413041525241	0.000721666341983678	0.00269750029876834
C[T>G]G	0.001457792743107	0.000123379336293543	0.0134427591841737	0.00225711768006971	0.0029760467755966	0.00172632891089007	0.00946797563364465	0.00950662205894436	0.00069588805291194	0.00727277791553948	0.00287357918781046	0.0037650570017534
C[T>G]T	0.00045736910686013	0.000259130223909699	0.000118430676716141	0.00145999197623154	3.91781958417283e-05	0.000179976064189685	0.0006550054798137	0.310947645500823	0.000707617868978003	0.000278739656628256	0.000735076135430126	0.00161387436250346
G[T>G]A	0.000457951227477569	5.5746790036611e-05	0.00552928391971233	0.000554484124767286	0.00154168334357419	4.95572521466252e-41	0.0031247419134903	0.000757635143750918	0.000420201750648079	0.000603112288063925	0.00209164146992859	0.000212332607224594
G[T>G]C	0.000481925740100166	6.87431840546567e-05	0.00420632750383158	0.000261224476367752	0.00198292687704399	0.000105212247897587	0.00159004291581362	0.00547913660809608	0.000369849526323403	0.000855597532686524	0.00182053240910088	0.000367475746460249
G[T>G]G	0.00126399445164936	0.000130185467137658	0.00987310762520718	0.000498036870233685	0.00349847145871855	0.000407731542655486	0.00921409301742026	0.00185239230685338	0.000637210195998792	0.00102686036852573	0.0022792329784406	0.000710931102757084
G[T>G]T	0.0016570506146614	0.000101297762833725	0.00783690864759114	5.07246704915318e-05	0.00209709329118206	0.00143729143452488	0.00369560939871431	0.0645538695140733	0.000847720755522621	0.00296989604401475	0.0019689800808018	0.00332678294204057
T[T>G]A	0.00129267587140621	0.000205504707325682	0.015385135686944	0.00234046786503842	0.00447556444977379	4.15900641319284e-50	0.00134082815574051	0.00424816897616918	0.00191189875952862	2.10699572070213e-113	0.00643676664655723	9.40435006871523e-56
T[T>G]C	0.0013221741643985	0.000121583942368144	0.00802413422737166	0.000391543551959295	0.00519012094614811	0.000525732463235577	0.00254112701225609	0.00617892250042311	0.000367983266381507	0.0011990134186108	0.00151965958321729	0.000384547791146666
T[T>G]G	0.00328376927600372	9.97331001439967e-05	0.0128080689189787	0.00247513773987557	0.00309061672653305	0.00150940496761882	0.00830574983473616	0.00316930455099446	0.00174434161611854	0.0033441408264613	0.00430012398465927	0.00248097396551115
T[T>G]T	0.00648869151297416	0.000510374393898823	0.018045930194592	0.00134713951574719	0.0115717886554006	0.00576068109206627	0.00513346844301875	0.0747115397275059	0.005845125473717	0.00711340688446867	0.0069177052280996	0.0127869247292297
