SBS1	SBS2.13	SBS3	SBS4	SBS5	SBS7	SBS17	SBS18	SBS31	SBS33	SBS44	SBS92
A[C>A]A	0.0137269620913146	0.00606021872609085	0.0247493814274908	0.0542819735858832	0.0179939073634821	0.00175761666211942	0.0107238449823429	0.0319278015454041	0.00443592049522371	0.0085536056599617	0.00139476408778308	0.0261076487059578
A[C>A]C	0.0108452833317947	0.00419809547373365	0.0183145958384392	0.0317223588517408	0.0154910976374822	9.70379704751579e-46	0.00628440269122051	0.0239170679049609	0.0334413902314031	0.00353945959733946	0.000979889334727685	0.00575228553546224
A[C>A]G	0.000553928816899022	0.00119075729194757	0.00215474415603248	0.0141120800260181	0.00201631559881388	5.97499833590549e-10	0.000854373012113184	0.000738293566982098	0.000364869148717209	0.00192232531157321	0.000148308977520639	0.00900574688750907
A[C>A]T	0.0062619053720311	0.00359550841558438	0.0201717381174481	0.0377475376276834	0.0137199850089671	0.000398587096934281	0.00827007664408216	0.0146589440488274	0.00953566366969391	0.00435529888481708	0.00458811040866446	0.00891725309877073
C[C>A]A	0.00342665745981295	0.00674264057948259	0.0190139308689435	0.0763026100845449	0.00800414166425314	0.00180144321387771	0.00950910991341404	0.031678427483775	0.0265782375282786	0.00985451660907527	0.0103709991471372	0.0252902378485367
C[C>A]C	0.0010974786823678	0.00488840140854453	0.0186828103851227	0.068264117340995	0.00727266554560054	0.00116183725850594	0.00463993548985339	0.0009234094235577	0.023701461904274	0.000145612956095097	0.0175027514476796	0.00912620789411165
C[C>A]G	0.00022015279311138	0.00122411190960111	0.00149694795816451	0.0176156988377139	0.00082317550965257	0.000413027347932217	0.000587696469573801	0.00312688443900709	0.00103002130178267	0.00342908201785147	0.00329426096044096	0.00684136878327907
C[C>A]T	0.00637117948204397	0.00641310515379624	0.0144569124412272	0.0661294832874886	0.00588128753397081	0.00442125802797804	0.00889288136359313	0.0216611304634543	0.0746892531097743	0.000325472647108186	0.0505840683254935	0.0064818755407538
G[C>A]A	0.0171266202446748	0.00530548873108122	0.012003423394893	0.0369930351761713	7.85989653280627e-51	0.000379738605117786	0.00750392515233897	0.0789112337886931	0.00972446013847984	0.00820999514695412	2.65624523610349e-44	0.0160470171143377
G[C>A]C	0.00371814221143559	0.00342543678797649	0.00956493893135543	0.0318365901769766	0.00590359625880195	7.69090355439242e-05	0.00315729403032473	0.0245946597770512	0.034822748811209	0.00240404369153302	0.00325688862520724	0.0105170385748936
G[C>A]G	0.00118622325543138	0.00104518560717458	0.000516152364977547	0.0117100548458259	0.000977542565127626	0.000130470759612788	9.0957690115507e-05	0.00326890089742213	0.000612745705898081	2.94960756391343e-17	0.000620934162494448	0.0089077101783698
G[C>A]T	0.0103239447822685	0.00331004119798168	0.0103908694967562	0.025738611719385	0.00166847608997508	2.09515004819642e-99	0.00559556297595949	0.0446845922742967	0.00561763827536324	0.00360999760234726	0.0099910578541265	0.00703641530420805
T[C>A]A	0.016396787146912	0.024560371943623	0.012234678034825	0.0453845558341773	6.48169677110897e-07	0.0016040826379168	0.00855145345879505	0.0698933228858954	0.00148789602296229	0.0079334571702391	5.0044434613387e-16	0.020004492358185
T[C>A]C	0.00938076521276738	0.0131374014243498	0.0170866423797449	0.0486081118578625	0.00709208946097871	0.00265317758716068	0.00538839987155015	0.0357828171585754	0.0125751356244587	0.00340712029755158	0.0013974098609934	0.0160075599558857
T[C>A]G	0.00190636088419891	0.00202636433740203	0.000454690696597011	0.00789752346872758	1.85008804701834e-74	0.000246988205534641	0.000572205229829539	0.00681854136699294	4.15900872682484e-06	0.00257061417208837	4.25083290820744e-32	0.00604466925246652
T[C>A]T	0.0321014099000032	0.0164255441985699	0.0185944007627679	0.0509711829004681	5.62292761039234e-41	0.00201861169736761	0.0136654945957938	0.129443065385548	0.0117424335805977	0.0159830877584265	0.0113263858367634	0.01187505939238
A[C>G]A	0.00191980580313764	0.00295498036086897	0.0205157592611396	0.00997909501784543	0.00500778442777434	1.0718290498784e-48	0.00532807350959581	0.00406215828440587	0.00150713095438843	0.00615864237418032	0.00276928590428669	0.0134324340916027
A[C>G]C	0.00264271989616731	0.00118156721629193	0.010709154461563	0.00374359786838202	0.00471859953353036	4.52029048075097e-05	0.0023420710092062	0.0034654218096181	0.00260480156026598	0.00541631284656057	0.000323850031511376	0.00485137028889093
A[C>G]G	0.0004781986318512	0.000263493361848553	0.00509368014128524	0.00178359022050276	0.000591053574979272	0.000192389275652509	0.00115244431282856	0.00140767917293819	0.000505185936595968	0.00165084902860209	0.000126832210339564	0.0027414449745567
A[C>G]T	0.00421076029497999	0.00301093227026504	0.0196086220484936	0.00539468991361724	0.00478289344280412	0.000195511422938096	0.00509292493786516	0.00561239550074286	0.00581743332596516	0.00331191970520044	0.00178064879929646	0.00863925286320717
C[C>G]A	0.000683787018295669	0.0034287258280819	0.0145908651461172	0.00850095988545968	0.00360540557010924	2.20130839102397e-18	0.00235084798235326	0.00182320497576652	0.00227536885771224	0.00424298945466206	0.000295004482694252	0.00880917589967927
C[C>G]C	0.00120523214468337	0.00152969887248444	0.0119016430772989	0.00681895815168483	0.00503039801606035	0.000324584401355622	0.00249526533181544	0.00313180946283403	0.00189268839700723	0.00647630461789906	0.000154821585757619	0.00548451136616862
C[C>G]G	0.000470173209602775	0.000466880437882628	0.00460274172277582	0.00286710180105652	1.05451756067137e-39	0.000189956456590356	0.000919937077531341	0.00127825973323297	0.000843267193120596	0.00506166696367854	0.000108605939640971	0.00328629297131908
C[C>G]T	0.00363187587815451	0.00384609873639156	0.0192511427428312	0.00687128772920143	0.00870351773415138	0.000593860609046859	0.00433774185641047	0.00468428289774677	0.00517269268094627	0.00368768060211567	1.51574377984012e-84	0.00680875873544933
G[C>G]A	0.000265724581333307	0.00127432192946016	0.0094739210089402	0.00610305394896169	0.00251440267473065	4.69894135419848e-52	0.00197344550092378	0.00143776693275312	0.00313056512807418	0.000811750595933265	0.000758812802231449	0.00747753899289212
G[C>G]C	0.00192761249576769	0.00165509112624556	0.00919481640210477	0.00490966564375759	0.00309239512131952	1.13355515296415e-22	0.00196831202223648	0.00472605856254566	0.0163023331161965	0.00590230226797536	0.0014724073981964	0.0043821707804062
G[C>G]G	1.90240574138149e-05	0.000182983172570448	0.00246027319846969	0.00277696402809226	0.000849622551762693	0.000108014393625945	0.000554155696331521	0.000242759933360673	0.000213211383525008	0.00159506823064059	0.000202844831909484	0.00296483644431621
G[C>G]T	0.00226665826086118	0.00193754672133616	0.0123966436000436	0.00408114356350556	0.0042625358735433	1.0549449425408e-12	0.00291517784034567	0.00407633637209941	0.00648753883113521	0.00232260137636336	0.000649844202561674	0.00283011786619013
T[C>G]A	0.000909491733410555	0.120820918912903	0.0149794407138782	0.00399427536799148	0.00156072288169152	3.86882593858971e-156	0.00375415848722087	0.00751109115368582	0.0029820646656866	0.00702510594418522	0.00233800108524879	0.00763101137596005
T[C>G]C	0.00299492792609064	0.0249463925688787	0.0206461070963026	0.00605554435144029	0.00662802171596621	0.000548236811524867	0.00292804956967448	0.00488530316899935	0.00255127725539349	0.00490434422792642	1.65479679418823e-31	0.00853311738975059
T[C>G]G	0.000476962409805968	0.0054348506607216	0.00279991108990793	0.0015364626429275	0.00141872853005758	0.000216556570127935	0.000630811643694586	0.000519708860410181	0.00132133737500704	1.39693667698257e-09	0.000137519921822568	0.00215554234630513
T[C>G]T	0.00887060329668789	0.13542212245021	0.0341840124237546	0.00488039153887512	0.0101181329301592	6.07086445493971e-74	0.00775525514305319	0.0124140305898618	0.00740781582714641	0.0112267782966214	0.00241640274892241	0.00931669924537351
A[C>T]A	0.0210588772808812	0.00917546689602593	0.0155303886593008	0.011609815295409	0.0342208983646756	0.000432572494180062	0.00973535100303594	0.0125756699353899	0.00343215264453774	0.00451209632346304	0.0538176670838108	0.0228460273261411
A[C>T]C	0.0111812235229924	0.00381922275354579	0.0069363254891444	0.00516239539376349	0.0175251567123609	0.0198002817865793	0.00397068082872356	0.00730285636022194	0.00251533585043872	0.00375951685820975	0.012444367878852	0.00849988160393037
A[C>T]G	0.114402087547857	0.00297681952873236	0.0019996287141637	0.00214027421495775	0.0505226680184648	7.3471318215236e-11	0.00556312997572491	0.00902349379615369	0.00439263029966813	0.0537684716080979	0.0369579807873626	0.000725469834687425
A[C>T]T	0.015375707341025	0.00435288665153372	0.0157436027437304	0.00607878609790691	0.0186975797118512	0.00830316884532194	0.00608588677146329	0.00991726605022517	0.00282257095554801	0.00356908268877248	0.0126972452677023	0.00991845842357222
C[C>T]A	0.0152619003312563	0.0139432231622016	0.0123373183131461	0.0142050683766546	0.0224778653974219	0.0657046599378539	0.00853543624220071	0.00458034780691826	0.025719423989369	0.00346048766194821	0.00470716403610682	0.0202973455686212
C[C>T]C	0.0145523115336901	0.00646821272807548	0.0088790319370859	0.00832513664821817	0.015927268151334	0.106797013269549	0.0051787857922516	0.00340576134559616	0.138971686636888	0.002304999509699	0.0094242540388245	0.0138307940902214
C[C>T]G	0.0661922621590098	0.00338838481336555	0.00202169885924485	0.00292655777504494	0.0230295594103005	0.0120452722583941	0.00409100300984523	0.0036105301572676	0.00730898046608817	0.0436099971270923	0.0247726599540128	0.00352845683962886
C[C>T]T	0.0178139492237831	0.00893313630298884	0.0195568729109585	0.0146934063303181	0.0256547291834598	0.0975650008108609	0.00589227204770884	0.0035615458894623	0.119790150716912	7.43120212223366e-05	0.00878533472307736	0.0190898449282125
G[C>T]A	0.0164639631062304	0.00811097857723094	0.00839769851905397	0.00458918433696398	0.0204265200247275	3.12375010365616e-43	0.00520882469604776	0.0203287485300771	0.0105847735606604	0.00104905016325804	0.0391450701660608	0.0182614851169197
G[C>T]C	0.0182207515710599	0.00446249374401801	0.00433561771517613	0.00385670952112057	0.0195962070413552	0.0116576685391514	0.00435471657538749	0.0120758273476799	0.0117257549738978	0.00250746476848307	0.0522843982868401	0.0114426110263964
G[C>T]G	0.0854730760484324	0.00298169130966768	0.000187372460216798	0.00130029517411756	0.0263819325114349	2.41489449340264e-64	0.00394377976696505	0.00710783563351178	0.0035261365583416	0.0336537373001601	0.0902758278727604	0.00292312198832295
G[C>T]T	0.0178093821386142	0.00534449912985966	0.00859035909506447	0.00518122634178066	0.0209768854381126	0.00847279950671244	0.00450353190659789	0.00937094568651145	0.00553280312412899	0.00257447882057417	0.034657942436938	0.0110322245544274
T[C>T]A	0.0124053564183577	0.236523182521874	0.000722006240458712	0.000658173154586533	0.00623639589736959	0.113581417511665	0.0108864271095101	0.00237130092511321	0.00202564065879745	0.00933787343552623	0.007655301990624	0.00275911045756764
T[C>T]C	0.0209246901343862	0.0503742890014048	0.0114388240978905	0.00650184906965581	0.0230568641315112	0.247233005023967	0.0097734400120526	0.012046314340308	0.0125605868768669	0.0151711352612966	0.00830855807633121	0.00957823242564324
T[C>T]G	0.0483246117976489	0.0228535292855411	2.41780487520972e-09	0.000556487263157319	0.0173648436687889	0.0410015610518004	0.00345968130919408	0.00587026294135772	0.002040644594686	0.0264903457446864	0.0137711901431577	0.000280254599643417
T[C>T]T	0.0193883740281388	0.12407692874602	0.0127697087019782	0.00680687954695389	0.0118179266311119	0.10857684248615	0.010542562574472	0.00863422007761751	0.0119984711937339	0.00328307013722966	0.0102910224791348	0.0064438761018455
A[T>A]A	0.00873972877602728	0.00304732956991525	0.0111258457439725	0.00947156039995646	0.014988151631666	0.00417037399912613	0.00383204040462361	0.00584109520167876	0.0035460697149764	0.00352264240983977	0.00935527168592564	0.0170914093542376
A[T>A]C	0.00905597742631996	0.00197040537410307	0.00605571106952812	0.00299692988337866	0.014841532910341	0.000620511627196556	0.00336893112058975	0.00832237179419529	0.0107199486184534	0.00285157402292757	0.00771789450707074	0.0015483939012123
A[T>A]G	0.00586246220982163	0.00260164773119902	0.00947215700218614	0.0113550416065102	0.013591436165769	0.000934053295705208	0.00249595353128832	0.0023068443490068	0.00266422347078372	0.00515136510775664	0.00052834122301052	0.0107011146315424
A[T>A]T	0.0212739591117	0.00305042685371495	0.0108010280634435	0.00491307624424692	0.0146677832299958	0.0101322125523017	0.00793478105454541	0.0134625315387299	0.00535600561577373	0.00626368485526338	0.0260396370495934	0.00655417248786193
C[T>A]A	0.00188319097520803	0.00232119262316071	0.0113438161665358	0.0132772237920574	0.00273605630745661	0.000725710769233354	0.00318476380052441	0.0110156782832858	0.0229021846088521	0.00900737287579928	0.00205815600309611	0.0110421973985869
C[T>A]C	0.00418905617919596	0.00182239964171959	0.0114526794548457	0.00894419637028639	0.00637277433282907	0.0012724304247301	0.0101203252279755	0.0108941016103854	0.0247936453042557	0.0056603899933535	0.00420047237142044	0.00261247201780329
C[T>A]G	0.00117106060731591	0.00301579762605081	0.012633213083462	0.0263088767565245	0.00830152967616256	0.000262210274568136	0.00499885367608823	0.00757269816986842	0.0300302247200782	0.0108198001819104	0.00194161595819947	0.0144634323503426
C[T>A]T	0.00571027337260639	0.00211877295705058	0.0198869199245266	0.0101316195919997	0.00647285356594573	0.00359921996158655	0.0214896684212604	0.0159429884217774	0.0449164357322236	0.0104800377368674	0.0021030511864298	0.00694319312492827
G[T>A]A	0.000892897758670977	0.00133805204179717	0.00650588543153859	0.00862492388745473	0.00167559273309128	0.000666119364079243	0.0018818350501174	0.00174046635685341	0.00075209792469549	0.00587922723124757	0.00195015810374565	0.01134591527308
G[T>A]C	0.00303539546373175	0.00109221578041499	0.0045086532831446	0.00308677385791451	0.00516437520424987	0.000201025344342266	0.00346250963695947	0.00412195226099248	0.00494485793354802	0.00200810961734231	0.00387832881956445	0.00238027328204111
G[T>A]G	0.00163357513757285	0.00145403736155899	0.00634273735433001	0.0110669841443842	0.00545263809693862	0.000426070641414815	0.00231246227177533	0.00207810271070736	0.0019173685284912	0.00639663062460938	0.00281230144617045	0.01268013573393
G[T>A]T	0.00420442207659036	0.00129960525713491	0.0108795582191754	0.00452002827446697	0.00385281939900553	0.00126901567736521	0.0059578579095788	0.00516874883628933	0.00190323314510058	0.00298620198317208	0.00292218859554829	0.00592627831675693
T[T>A]A	0.0172073348387638	0.00290122004350977	0.012586559184376	0.00886814566307229	0.00606462709570809	0.00355159783473969	0.00610949233630367	0.0112047972132317	0.00588257203789736	0.009247649536932	0.0110069538414758	0.0155251116255727
T[T>A]C	0.00372980574225959	0.00114536944175872	0.00797151722434979	0.00385787242791841	0.00533657978406105	0.00341104068912977	0.00483998162340897	0.00673908755665141	0.00409869894486975	0.00494714032894803	0.00182501946344886	0.00428913674977503
T[T>A]G	0.00177779490322744	0.0014491212414305	0.00640024301910038	0.00878070666010733	0.00456141185111856	0.00158490866921262	0.00241258231431572	0.00174237248816181	0.00234358583368714	0.0022453381170307	0.00129921642994703	0.0107513291329297
T[T>A]T	0.012975451584287	0.00241289841371172	0.0185009407925972	0.0055902590058331	0.0107616007373551	0.0214222437985685	0.0125857609055405	0.0128819449176431	0.00423378577560472	0.00882242426097665	0.0147364872286895	0.0101983228056662
A[T>C]A	0.0188247161656495	0.00506586903002129	0.0168526199927969	0.00957618451579717	0.0433331987380422	0.00206094496397662	0.00986440909199071	0.0105186610474881	0.00311272172124392	0.00418402888945404	0.0280165576876273	0.071595182640526
A[T>C]C	0.00845133561483853	0.00115437127527454	0.00963416987259593	0.000765715408201848	0.0134376514336709	0.000209615888420452	0.00581521471198085	0.00638187054202304	0.00433333571248821	0.00430234533133619	0.00778539069906613	0.00623564000905198
A[T>C]G	0.00924820853602851	0.00331996317906578	0.0116442023151646	0.00603962298055425	0.0320151345708289	0.00178392754577722	0.00571090996794984	0.00723726186538751	0.00253993540818741	0.0486096967653497	0.025195119053609	0.0448365987849787
A[T>C]T	0.0206006346320543	0.00324817035764214	0.0204309137011461	0.00281128933153335	0.0426668067668324	0.00199036291217972	0.00973180045807983	0.0114956944713743	0.00410649292111226	0.00689624008359804	0.00963996998638687	0.0285262543393545
C[T>C]A	0.00539014189105917	0.00200534930352302	0.0113710845206909	0.00492791029465886	0.00887501209627948	0.0020275997425936	0.00904289739767006	0.00677213387920243	0.00936522574794912	0.0101130364070626	0.0170433398685989	0.0280894160609881
C[T>C]C	0.00612117860630408	0.00118145243883203	0.0154179921163286	0.00126562186084661	0.00937900748625218	0.00061596717889795	0.026884589823706	0.00748286846191851	0.0143166400893847	0.0236871331607835	0.0075910845244386	0.00400266124186078
C[T>C]G	0.0052313281919721	0.00234391882684953	0.0102479848081681	0.00496873016323831	0.0151404756610085	0.000761085186640573	0.0187386530419325	0.00412930260389996	0.0115522304567327	0.0286161916590567	0.0259259339185904	0.0215863901350794
C[T>C]T	0.0066852726354611	0.0021861770978961	0.0144144948736343	0.00193423429181787	0.0104717775001748	0.01004151328642	0.0672551731213538	0.00662045966415804	0.0224996508897621	0.00620153324759926	0.0176842738892197	0.0154829406486672
G[T>C]A	0.00988026491682898	0.00254448460421928	0.00838279227820453	0.0033677158613178	0.0160701820469114	0.000349048726021143	0.00534050458916718	0.00682993801434342	0.00191834083960512	0.00124178725389298	0.0289222121202382	0.0311673732027536
G[T>C]C	0.00860865081531792	0.00121088663274358	0.00823007797273946	0.000630491771656607	0.00880533092203681	4.71118251008738e-25	0.00651309698361114	0.00409151389974108	0.0117168606915668	0.0056897042913144	0.0107067383569956	0.00352009065854064
G[T>C]G	0.00609606056313928	0.00196070856317699	0.0063053470582857	0.00201055749543516	0.013976600800018	0.000398928472163235	0.00590311609131081	0.00480512278529882	0.00181914438560925	0.128505288885229	0.0250938101202354	0.0213888033562305
G[T>C]T	0.0121431439483924	0.00224847475922834	0.0112687482287564	0.000914592800257475	0.0234047154099845	0.0174153470228273	0.00872808267547312	0.00694505427085702	0.0029500407485206	0.0030617373723749	0.0155147420250016	0.0154536634723509
T[T>C]A	0.0106247661187309	0.00212651486272545	0.0154177417032879	0.00296740833843686	0.0147481835051634	0.00740798809853568	0.00949625465476217	0.00756971063494498	0.0041402647415846	0.004213043492451	0.0218201119887889	0.0312321544300359
T[T>C]C	0.00978918354725881	0.00123792293871572	0.0153530332632681	0.000560938839460016	0.0116858417018961	0.00334391674369062	0.0120930145130516	0.00643832740815676	0.0073972111255938	0.0040499126836448	0.0164866569368975	0.00446918304001874
T[T>C]G	0.00515573029368353	0.00138735817202721	0.00593430818150022	0.00155768009740381	0.0074601281412273	0.00435705606766423	0.00639942551860642	0.00485949962374028	0.00357607807184667	0.210114898124402	0.0187661169055257	0.0214192630227169
T[T>C]T	0.0165315467066024	0.00175434305993583	0.0157915690318191	0.000940067313053158	0.0215243403476994	0.0108256779296442	0.0155506670181408	0.0101108658184696	0.00586834582184813	9.57629305794346e-09	0.0365567008476042	0.0186613708258252
A[T>G]A	0.00399076455244063	0.000894256430874822	0.00820324773921139	0.000883917861184638	0.00474264720645251	0.0019205039481114	0.00458435554768884	0.00326322989727059	0.00272527951014526	0.00195112203976759	0.000333266094607478	0.00344665684107484
A[T>G]C	0.00225849012783064	0.00036477828778931	0.00252198466694303	2.58646743240944e-05	0.00323660859926255	0.000461939210634606	0.00464159374557016	0.00126946807631898	0.00160194343539174	0.000936340083315037	0.00085048836029271	0.000640129468237316
A[T>G]G	0.00304114664129497	0.000520141409516559	0.00838741967391349	0.0012290942770116	0.00590171308520317	0.00152976510662071	0.00311972439259327	0.00320810871023176	0.00388804520968114	0.0062211024082308	0.000603910234546448	0.00199182492448724
A[T>G]T	0.00409545513157996	0.000824772236397553	0.0039589426343244	0.000139536008702905	0.00825030109451749	0.00164909325296075	0.0415975952060178	0.00361849687904353	0.00161273203350517	0.00252798051913125	0.00298870627651709	0.00170786859315864
C[T>G]A	0.00201961809899908	0.000641222683474264	0.00475049279118109	0.000679837819466218	0.00174083184209224	0.000272482939417983	0.00374459352574734	0.00230777633439695	0.00191600947741495	0.00590536906926967	0.000399300083693646	0.00288524375728833
C[T>G]C	0.00189894238379308	0.000585640602481223	0.00421194937929823	0.000432991648363192	0.00488118281143784	0.000481960408580341	0.0155096739666057	0.00224960169589016	0.00141920522131373	0.00327717591291761	0.00285498707620286	0.00142301936570367
C[T>G]G	0.00287454110179478	0.000874903882944082	0.00964015734788716	0.00287795823518206	0.00539480765905578	0.000679327246945597	0.00939721925397216	0.00306349108818913	0.00321708074920816	0.00712408077919705	0.00429235827961351	0.00358795764783089
C[T>G]T	0.00255430188978796	0.00114401131506093	2.60310186310209e-08	0.000860751888773489	0.00555178701503258	0.00204431662233021	0.187184368189052	0.00463015012235171	0.000174592602450797	0.00137499915713954	0.00253748980978234	2.15004471740821e-07
G[T>G]A	0.00116311492099676	0.000343936092691578	0.00446754637192809	0.000572718815914636	0.00141153502740685	0.000296673606426542	0.00167753746884403	0.00157122416100891	0.00106613794661043	0.00197354277365713	0.000367388075623054	0.00146686253558597
G[T>G]C	0.00116110081415372	0.00019698235605071	0.00222151016795854	0.000171967910415899	0.0020881241836569	0.000117520822371525	0.00459730244414154	0.00119104671107329	0.00372717212325416	0.00097122638963794	0.00069830803415125	0.000331208175283228
G[T>G]G	0.00281734543758142	0.000585542962396026	0.00703803028597204	0.00201876933406803	0.00425851520636753	0.00082379231895503	0.00341961444014243	0.00291942451286744	0.00308437428765351	0.0108187947249673	0.00125118705929991	0.00211653758565388
G[T>G]T	0.00349268669452972	0.000714763469263269	0.00425876464093692	0.000367670306533946	0.00331801314847059	0.0018900397056845	0.0476478841826196	0.00188131103135256	0.00154192884992165	3.95662114271817e-11	0.00637352299333704	0.00034988765402498
T[T>G]A	0.00459897950264944	0.00104872275389107	0.0103908617153511	0.000363991882179798	0.0058284298566171	0.00160951755693756	0.00660971746515837	0.00489279183846149	0.00273126338859661	0.00287530389698004	0.000333011767328275	0.00473408355698562
T[T>G]C	0.00274321306320994	0.000524144004092361	0.00488030598623448	1.99732211023351e-05	0.00531020388767106	0.00171219896170719	0.00976100673316188	0.00262442294544123	0.00277607985368462	0.00152457188808248	0.00055303281567355	0.00162288195608293
T[T>G]G	0.00409458652561339	0.000919601007764307	0.0106861794998162	0.00198086202386791	0.00448540504432682	0.000852274204152897	0.00577265425941019	0.00285038175293084	0.00546662925153843	0.00360236795461886	0.00333183724771224	0.00346675110098697
T[T>G]T	0.0120052802784506	0.00210990047973902	0.00947598786841624	0.000136562327555247	0.0121213012030057	0.00517154422392784	0.0881677551224233	0.0100447208978531	0.0045075786317313	0.00797571937354024	0.0161206567544099	0.00374494083494102
