SBS1	SBS2.13	SBS3	SBS5	SBS8	SBS17	SBS18	SBS26	SBS31	SBS44
A[C>A]A	0.0121455900412589	0.000595358641216224	0.00887950301808377	0.0151967875504588	0.0335266569260779	0.00348487206018281	0.0456471641298989	0.00315709947997163	0.00679811624028323	1.47956248721471e-169
A[C>A]C	0.0113883365663582	0.000404494850665451	0.00653250178574001	0.0133811621206525	0.0342444686891872	0.00332873750629668	0.0184226346763874	0.00312080514258002	0.0184962850555361	3.88082577255901e-62
A[C>A]G	0.00240425062981522	8.69486318193921e-05	0.00283685944151205	0.00264718325075704	0.00344896378174629	0.000422660623675289	0.00340521369268985	0.000151165825547574	0.00369905981448109	6.48312423463146e-176
A[C>A]T	0.00534961030581516	0.000414773680140799	0.00777522093984525	0.00646722038458158	0.0358778571483908	0.00280312419471863	0.0221445857815292	0.00188286715398699	0.00477730594802652	0.00242857942510662
C[C>A]A	0.00645233944677791	0.00100276301868503	0.01249799522771	0.00555392892684827	0.0288891147754039	0.00240641871892498	0.045459593757422	0.00396486941767601	0.00905997788028208	0.00829567942387856
C[C>A]C	0.00414539622467617	0.000560236726425078	0.00958727058717228	0.00601563737919489	0.0327249666222898	0.00148029632224869	0.0149980186852495	0.00558135069166039	0.00929727644446217	0.020656625526756
C[C>A]G	0.00187036647556237	0.000194337517261016	0.00317466040162864	0.00169232454835457	0.00258003649046045	0.000254394026903194	0.00618638453218875	0.00209859768524188	0.00423904715074405	0.00456362211821546
C[C>A]T	0.00369751258939173	0.000556686924765471	0.0107275719594413	0.00319935777166903	0.0294622565688467	0.00275843042791345	0.0338975175110368	0.0102087918997437	0.0176118866244399	0.0548305589535849
G[C>A]A	0.0109580579045999	0.000259675319647323	0.00694069834229157	0.00437670485803966	0.0108851410379002	0.0030284337049476	0.0651523325589551	0.000881155399241491	0.0289181618111836	4.73305830084492e-129
G[C>A]C	0.00409424189542068	0.000273313514127244	0.00866299040124113	0.00666517630440372	0.0166563567133937	0.00115404384626523	0.0159691455024082	0.00191679955692313	0.0428804024342255	0.0015645595648504
G[C>A]G	0.00305538857718405	8.98883008663255e-05	0.00139644460154639	0.00280086360048785	0.0010192148718453	0.000389029901324483	0.00518132570588863	0.00027859962204563	0.00294400727938894	1.01936603143254e-20
G[C>A]T	0.00508967101022953	0.000160885616914788	0.00654906079261827	0.00311501432270819	0.0176004651033158	0.00228741453227989	0.0433530182642245	0.00251273144810972	0.00403946246765547	0.0057596488793653
T[C>A]A	0.00146290704064067	0.0287552810845702	0.00374555426704075	0.0131238938280019	0.0115956942154065	0.00375782769832007	0.0764771345630878	0.00169053189687047	0.00797003873302205	0.000659272036630227
T[C>A]C	0.00579949317023292	0.0105959310442884	0.0104483436137178	0.0183009906346722	0.0164914860663883	0.00243124923934688	0.0425913315939303	0.00111887768024124	0.0137294642580387	0.000883611301187812
T[C>A]G	0.00289495675408658	0.00199255179757707	0.000464572154782561	0.00288279747541419	0.00057958581297031	0.000593375729845407	0.0097277285697762	0.000154997097864154	0.00154881442557582	1.42174261432395e-119
T[C>A]T	0.00582564969817497	0.0141923101058159	0.00725654684507283	0.0103923478140387	0.0143670145890689	0.00723805457261811	0.129586310111289	0.00678474248667768	0.00475367977100631	0.00883775245602725
A[C>G]A	0.00397734731232808	0.00201711850227639	0.0315705191184671	0.00345847818732333	0.0135045683028691	0.00184841975463084	0.00350599366489056	0.0021507262595715	0.000302267246520352	0.00143011889112677
A[C>G]C	0.0028650866576701	0.000463457929811517	0.0170192508521843	0.0053853974544196	0.00623113107703781	0.00184275273850353	0.00440380119858265	0.00171798031286494	0.00228802878432953	0.000339611290777356
A[C>G]G	0.000495529602558273	0.000128208791187421	0.0122575827464288	2.99446198172178e-05	0.00142878825713329	0.000283346811646571	0.00113454199456897	0.000562519311391175	0.00436514572225142	4.67305045097842e-05
A[C>G]T	0.00246780698999227	0.00209345892832297	0.034625201806488	0.00232504097476172	0.0119816049418349	0.00454769717398215	0.00338208963017897	0.00285344472174471	0.00122981427135038	0.00222598162414501
C[C>G]A	0.0011161665773749	0.002534118729531	0.021431454752465	0.0035055137905277	0.0105508463971317	0.000550066354239063	0.00176681964028558	0.000518427920006777	0.000795565297473302	1.71037387243082e-188
C[C>G]C	0.00212189226199857	0.000562494201054237	0.0168990066424606	0.00443073690700327	0.0109963606702037	0.00032360452527161	0.00096526561740389	0.000212812685330153	0.00313123919427107	6.17889363707222e-183
C[C>G]G	0.00177960531904249	0.000171183589550534	0.0110237244094594	0.00129475180131155	0.000947771192156299	0.000277933952646872	0.00142413527367224	0.000223902494155408	0.00601360774421667	1.84176509156537e-208
C[C>G]T	0.00184078016535597	0.00304443578215329	0.0303121471324789	0.0055120263475973	0.0136148244130716	0.000821364483765514	0.00178859423247666	0.000521689091177208	0.003504994057966	6.16929340062057e-176
G[C>G]A	0.00158128463364793	0.000657207907662505	0.0141886769351707	0.00216992730154647	0.00647501641023917	0.000259066751496186	0.000837166560297574	0.000749275074489834	0.0024603110388485	0.00036111136662164
G[C>G]C	0.00165336082454131	0.000322158414210257	0.0159492823060473	0.00239076227078247	0.00459579125688	0.00178998825283982	0.00146498538220074	0.00193118001365072	0.0186212371491753	0.000912040136843318
G[C>G]G	0.00048074786502391	6.95068471173876e-05	0.00541926647956509	0.000805320336075443	0.000778761941210079	0.000108502906164262	0.000475257981563423	0.000324850527324957	0.00277363464632459	1.74974881876717e-92
G[C>G]T	0.000764228443059951	0.00146968270706416	0.0235808713059851	0.000894644451552857	0.0104396042917213	0.000984373823863925	0.000489582767059608	0.0018566080651217	0.00762772115977659	0.00120597906248646
T[C>G]A	0.000233446482762717	0.145979357095909	0.0267568413605706	0.00132854000324149	0.000849036108513315	0.00476807045000261	0.000716169456928148	0.000793208715491283	0.000321763729339818	0.000703647673413481
T[C>G]C	0.000619461589152154	0.029359628386741	0.029170741336922	0.00688430690950943	0.00966811376497654	0.00131017434589518	0.00345342477558869	0.000764300856565316	0.00229164629086914	4.18845651293115e-52
T[C>G]G	0.00128097563253129	0.00578531587882224	0.00638611371989282	0.000550028206541536	0.000462901551985299	0.000724861734841143	0.000948459816407551	5.6595501527394e-05	0.00233282030933057	1.25650070929963e-187
T[C>G]T	0.000109468371368558	0.182729314017519	0.0595554057138754	0.00483080996751846	0.00755803207301302	0.00643688992556926	0.0079991536231019	0.0034490655069839	0.00298285692925426	0.00217139448034526
A[C>T]A	0.0254632389007473	0.00465796523826242	0.0131896875690032	0.0305344112736138	0.0225088335864339	0.00453701840344438	0.0165436561034351	0.00708832694359175	0.0172485738741813	0.0464307781490647
A[C>T]C	0.0141957665560603	0.00136109430668329	0.00575603145079449	0.0204340444834477	0.00936001591252158	0.00227589966567797	0.00932003666556083	0.00443607095347662	0.0160465281431544	0.0152750922785294
A[C>T]G	0.163435289413062	0.00140354979675863	0.00400485527467738	0.0204780158655879	0.0084171176910793	0.00824465358435672	0.0184206665918033	0.00996084467784441	0.0186632983237294	0.0465190214869944
A[C>T]T	0.0133874585918057	0.00186103925640444	0.0125809383321162	0.019663727830097	0.0241831604157555	0.00288984676967094	0.0102237413687799	0.00437762492360521	0.0127109037032796	0.0180660725770566
C[C>T]A	0.0174359609401653	0.00989564133637713	0.00865950448783739	0.0325855093876468	0.00675578976149624	0.00483026101918743	0.0174053910650911	0.000973782841267675	0.0440446846646595	0.00644156677212319
C[C>T]C	0.0158875842042554	0.00212532427807821	0.00451393642587377	0.0295298557894725	0.00567420487115436	0.00323111068676781	0.0105946564234285	0.00411682953037448	0.104099452619444	0.00962006774077209
C[C>T]G	0.0938736255149123	0.00268141219076809	0.00658999094324572	0.014859008289748	0.00417368765785614	0.00566528252120124	0.01287529066684	0.00826211978719205	0.0215086383047664	0.0313270145036213
C[C>T]T	0.0164066079309206	0.00467723521692279	0.0120926602832613	0.030772757983982	0.0210828347164155	0.00329242838673878	0.0114132785561402	0.00487361624494306	0.0937702586901436	0.00813524862525253
G[C>T]A	0.0189066226469113	0.0046782585570495	0.00999415122634293	0.0271035148188142	0.0103181561787564	0.00270387025189445	0.0148800495329681	0.00498893494164432	0.0340926341337514	0.0587469202907526
G[C>T]C	0.0186978597601577	0.00186006096163159	0.00582844875615405	0.0284173068949474	0.0072126716096537	0.00335681107634865	0.0126038509316363	0.0188947145702208	0.0266824430363625	0.0563230699882135
G[C>T]G	0.116442094784436	0.00165770029447567	0.00276523204624052	0.0188621016578892	0.00505179199112816	0.00746186679072397	0.0170528300216606	0.0328696632415918	0.0125170146500259	0.0571822342576902
G[C>T]T	0.0158395752009523	0.00235163410933024	0.00665755301727509	0.0237178397680661	0.0120661146285826	0.00318358923452438	0.0109446948502697	0.00989660965494025	0.0226355680644727	0.0415388279267391
T[C>T]A	0.00672665465600067	0.285433679446957	0.00307877116844177	0.0196489439326357	0.00195130110106686	0.00869848732620413	0.0137535276212708	0.00271899847940294	0.012554476437161	0.0113137871782999
T[C>T]C	0.0184883573144088	0.0525757490577749	0.00741909594169925	0.0412893222840118	0.00498108721804158	0.00831032688154853	0.027774375255464	0.00461406321958518	0.0401533428515538	0.00779301564336972
T[C>T]G	0.0714759844583302	0.0290230014612335	0.00321770269115083	0.00733701213343135	2.32633951861977e-06	0.00603108260105755	0.0103483050092935	0.00291981063868044	0.0103035102507473	0.014535197388377
T[C>T]T	0.0130432849959121	0.143498932218154	0.0106625631611702	0.0289833466610876	0.00916412256937211	0.00994478681461259	0.0240494683887048	0.00924748122107182	0.0249661799974169	0.00686056473947285
A[T>A]A	0.00630333960102211	0.000409801574057767	0.00164402590412939	0.0153231168463756	0.0131210143320139	0.00224485161324639	0.00779897412959213	0.00810789555449472	0.00351781889586523	0.00617987696599951
A[T>A]C	0.00882276279292318	0.000314352369843415	0.000366908524076417	0.0142430377261318	0.0120401212634378	0.0020560601734743	0.00390879921173871	0.00570548412991218	0.0058538079595685	0.00434697846175106
A[T>A]G	0.00846682012806525	0.000325313932635314	0.00270027310476195	0.0124535819333065	0.0166667013774631	0.00109068391494046	0.00346888269376753	0.000389700362807452	0.00363216316520687	2.27514941481945e-101
A[T>A]T	0.011252934092289	0.000405409972605338	0.00163103578974485	0.0163705452741868	0.0198114329544119	0.0054829163427462	0.0179974053579552	0.0267074504537052	0.004416719706515	0.0264067487777944
C[T>A]A	0.000553138724098456	0.000180149027192733	0.00701870272852968	0.00221510130336027	0.014575206799386	0.00101149259829647	0.00158954616461797	0.00136397281888624	0.0198140710501986	0.000438605561441227
C[T>A]C	0.00269729210431121	0.000298052452989196	0.00547211174470579	0.00295321677868844	0.0221924335671635	0.0138207460588179	0.00172906836648136	0.00314230378777128	0.0166710565314214	0.00194571271668389
C[T>A]G	0.0016362051612205	0.000245312146262349	0.00814938177634092	0.00457190377926579	0.0200181991557478	0.00337715155030452	0.00190071971191082	0.00211963909100864	0.0196884636921539	0.000442785264431156
C[T>A]T	1.82209933791922e-06	0.000175077260551748	0.00849000073271266	0.000504976773320271	0.0328930577858852	0.0304834148712359	0.00151974681982857	0.00152024891171953	0.0263977465341809	0.0013036420805928
G[T>A]A	0.00147570403265523	9.04187015436498e-05	0.00347079154363682	0.00375020131818525	0.0102170797729601	0.000489928467954834	0.00176602793931722	0.00168916220456702	0.000897248287560097	0.00134826541425834
G[T>A]C	0.00313580549228578	0.00016033430246048	0.00249728743071919	0.00456786312839061	0.00972554881419833	0.002630613548825	0.00152436966903196	0.00308743754209482	0.00479908237557046	0.00260142128360646
G[T>A]G	0.0023580458121533	0.000112535810820567	0.00472022974028646	0.00506454321234823	0.0116669407540849	0.0010811248968485	0.00174392887758504	0.00322167678614075	0.00344148427269009	0.00123321069030133
G[T>A]T	0.00256783770577776	0.000178024439948519	0.00405701247242513	0.00339350362899589	0.0217338214927221	0.00539891096791179	0.00182021268954518	0.0034985139419446	0.00194940360524453	0.00297578599834032
T[T>A]A	0.0162740545260401	0.000299848898906784	0.00834366518633539	0.00924735313843547	0.00978050951254162	0.00569702291766617	0.0185708962048729	0.0143374608554017	0.00279537444871175	0.00892481671038826
T[T>A]C	0.00266976753467237	0.000315668355353113	0.00399361112854672	0.00610135843479289	0.0138014172711349	0.00244936684276856	0.00245591428700205	0.00131298738988229	0.00275614147137464	0.000695348090339137
T[T>A]G	0.00145009270400858	0.000137443311621764	0.0039511676762565	0.00396905704447752	0.00971888245352179	0.00121001047395706	0.00263202845504289	0.000780613050739652	0.00195318705631754	0.000628572389384555
T[T>A]T	0.0088460539019268	0.000311972477873069	0.00966728788200391	0.00636598955832158	0.0317320162257766	0.0102038456417207	0.0087022521729791	0.0129954379151907	0.00461870945226423	0.0129401506185124
A[T>C]A	0.0187603720757115	0.000809534237541664	0.0178648648753065	0.0420121646786973	0.00997803291035244	0.00385580442301345	0.00618530239735052	0.0571597442927133	0.010910088932164	0.0255094150307233
A[T>C]C	0.00633062910684851	0.00022864231171004	0.0122735433631398	0.0104792158992244	0.00800509174856866	0.00179347091148962	0.00152311187863148	0.0181443100419655	0.0029990585092142	0.00826436558863212
A[T>C]G	0.0124427605235526	0.000475210819629626	0.0135118193071936	0.0253708483522979	0.00831599981936993	0.00214485928573319	0.00221049019431229	0.041467457670765	0.00854568195160781	0.0313649861313722
A[T>C]T	0.0187725765992834	0.000660859942658828	0.0199148397471029	0.033638022427802	0.0159321190306974	0.00488579344350384	0.00323085000378606	0.0235702604232588	0.00650007234864487	0.00691636259472863
C[T>C]A	0.00526418042883579	0.000255023126321796	0.0118193381850312	0.0120967930051234	0.00579978119552266	0.00567358388581296	0.00182459758573675	0.0395211627814022	0.00604466764036051	0.0214044590827906
C[T>C]C	0.00401751951859869	0.000207195207964341	0.0146757600092429	0.00529063065504825	0.0148316453276	0.034302323042657	0.00077157440228184	0.0194984586293568	0.00508662781591293	0.0090550405167737
C[T>C]G	0.00706773104836273	0.000289750781717044	0.0123269558274041	0.0130455219975452	0.00568542605867422	0.0175739050752135	0.00242528567638094	0.0526761441757138	0.00758664248579138	0.0357402922860586
C[T>C]T	0.00404062223511412	0.000314547763273007	0.0129119238058766	0.00865637644336774	0.00974821151454778	0.0891742155722634	0.00190518483988348	0.030630728246122	0.0151174727503232	0.0151138847278278
G[T>C]A	0.00832196476672764	0.000432005957740725	0.0106367546262704	0.0188122883696119	0.00306231819693209	0.00272625085981062	0.00345112430737778	0.0866483772956945	0.00413505205991967	0.0391085392432214
G[T>C]C	0.00712793411261902	0.000277311753583875	0.00976756285103197	0.00901929314671866	0.00313821686808822	0.00709218205366464	0.00142607911874234	0.0238665121270903	0.006704583458751	0.00967287506788896
G[T>C]G	0.00735960885764439	0.000274143107262271	0.0090330991925174	0.0135546618163987	0.00353226493907073	0.00454954713155502	0.00221336460982817	0.0446798254448163	0.000479996827088926	0.0252091719505971
G[T>C]T	0.0101607731152274	0.000536924813481099	0.0102155496686839	0.0193993413880401	0.0060136790051012	0.00809722861902302	0.00282391607045015	0.0540648370735404	0.00474380300949823	0.021429218520325
T[T>C]A	0.00765171255666362	0.000445298396298662	0.0140563212375636	0.0184232632818748	0.00318249326750524	0.00409231883135786	0.00434575824606833	0.0590229968615393	0.00267456285316553	0.0301316301503883
T[T>C]C	0.00747181778672057	0.000267299136782337	0.0148231850607306	0.0101943580161535	0.00589100713816134	0.00574516407590949	0.00346164088475543	0.031742846565702	0.00182180438323422	0.0161167888175608
T[T>C]G	0.00626447889469563	0.000235175924306394	0.00630623322826479	0.0128978065401689	0.00149488319732945	0.00284066316852473	0.00381061953070954	0.0303477310911697	0.00370465592984003	0.0232058861126725
T[T>C]T	0.0126797612363426	0.000545199009561679	0.0148702026451525	0.0190008640802708	0.0064799587774563	0.00886743259542099	0.00618355497077601	0.0666495383186009	0.00696156082458593	0.0284296916989316
A[T>G]A	0.00145963149914374	0.000228970697342372	0.00808553507411897	0.00550426661890595	0.00177771793491434	0.00234714147355547	0.00392545184455181	0.000280496825745945	0.0012418522216578	0.000202748299891083
A[T>G]C	0.00170804150692768	0.000128354298941242	0.00284255995642815	0.00366685557708973	0.00130287600861278	0.00373933445943119	0.000695066672182546	0.00185213325401913	0.000229294322296274	0.000637428564222675
A[T>G]G	0.00142000177867447	0.000158064814054274	0.0101817600310815	0.00335398516389163	0.00924895339741466	0.00105972154662166	0.000528531661618281	0.001594019702962	0.000793510702195589	0.000328027243005492
A[T>G]T	0.00238453159840618	0.000151091870546603	0.00724649015630932	0.00676297837559598	0.00297848665009693	0.03555132551733	0.00214685960302696	0.00183256465517062	0.00447372102082633	0.00149218635195054
C[T>G]A	0.00106639231103047	6.82080233363488e-05	0.00744599720163764	0.0021858868176407	0.0025486769186876	0.00337124543107252	0.00095047698282886	0.00103495922764974	0.00207222089085862	0.000362370385762902
C[T>G]C	0.00182496439377241	0.000111431852697162	0.0071131202263917	0.00325139739584498	0.00335348644669625	0.0310303117235584	0.00012584819780756	0.00464130415252411	7.50705603376542e-12	0.00344232740872281
C[T>G]G	0.00145779274310701	0.000123379336293543	0.0134427591841737	0.0029760467755966	0.00946797563364464	0.00950662205894436	0.00069588805291194	0.00727277791553948	0.00148004932840561	0.00380674151523419
C[T>G]T	0.00045736910686013	0.000259130223909699	0.000118430676716141	3.91781958417284e-05	0.0006550054798137	0.310947645500823	0.000707617868978003	0.000278739656628256	0.000513288364701136	0.00481829011287791
G[T>G]A	0.000457951227477569	5.5746790036611e-05	0.00552928391971233	0.00154168334357419	0.0031247419134903	0.000757635143750918	0.000420201750648079	0.000603112288063925	0.00061339152035952	0.000198630325022503
G[T>G]C	0.000481925740100166	6.87431840546567e-05	0.00420632750383158	0.00198292687704399	0.00159004291581362	0.00547913660809608	0.000369849526323403	0.000855597532686524	0.00219049646678758	0.000429775848886073
G[T>G]G	0.00126399445164936	0.000130185467137658	0.00987310762520718	0.00349847145871855	0.00921409301742026	0.00185239230685338	0.000637210195998792	0.00102686036852573	1.44269046510686e-05	0.000363775579577178
G[T>G]T	0.0016570506146614	0.000101297762833725	0.00783690864759114	0.00209709329118206	0.00369560939871431	0.0645538695140733	0.000847720755522621	0.00296989604401475	0.000962150426498529	0.00263460085535132
T[T>G]A	0.00129267587140621	0.000205504707325682	0.015385135686944	0.00447556444977379	0.00134082815574051	0.00424816897616918	0.00191189875952862	2.10699572070213e-113	0.00278925208211777	7.84492597774411e-134
T[T>G]C	0.0013221741643985	0.000121583942368144	0.00802413422737166	0.00519012094614811	0.00254112701225609	0.00617892250042311	0.000367983266381507	0.00119901341861079	0.00303931916643458	0.000240073850206062
T[T>G]G	0.00328376927600372	9.97331001439967e-05	0.0128080689189787	0.00309061672653305	0.00830574983473616	0.00316930455099446	0.00174434161611854	0.0033441408264613	0.00267642108553625	0.00199056477549724
T[T>G]T	0.00648869151297416	0.000510374393898823	0.018045930194592	0.0115717886554006	0.00513346844301875	0.0747115397275059	0.005845125473717	0.00711340688446867	0.00588864754972146	0.00598292607727389
