SBS1	SBS2.13	SBS3.8	SBS4	SBS5	SBS6	SBS12	SBS16	SBS18	SBS19	SBS22	SBS23	SBS24	SBS28	SBS30	SBS31	SBS92
A[C>A]A	0.018609717720389	0.0224486732840571	0.0220342341900231	0.0331908553762893	0.0219201854477712	1.23927620644644e-47	0.0117696138397776	0.0194768199279845	0.0318207428337939	0.00693825360258622	0.00804056288142917	0.0204111676798868	0.031483966529291	0.00378690707053292	0.00619645095297381	9.40517371516893e-70	0.0157666398163895
A[C>A]C	0.0142543568137638	0.0112312085903533	0.021024541555052	0.0233222031077997	0.0115542242099982	0.00314554492638758	0.00440480682872213	0.00709457568541156	0.0109383244608406	0.00258532555572157	0.00637227908664308	0.00955265635445483	0.020102639786381	0.0046209334809097	0.0032480524615867	0.0194554541639506	0.00818541296483613
A[C>A]G	0.00328898062526235	0.00177583536697107	0.000318447391144837	0.00833342597260937	0.00322216360272252	0.00169671482524247	0.0025311407486747	0.00263086309870488	0.00184742727507517	0.000655925033409193	0.00150188675856329	1.18790099686021e-12	0.00775898977469388	0.00112826195371393	0.00204422923874626	3.761389834559e-38	0.00312107386242676
A[C>A]T	0.0118611929323464	0.0144372204564215	0.0200316077405345	0.0238300963959421	0.00941580374154103	0.00715692374286989	0.00569245071595668	0.0103013286808637	0.0259986330519688	0.00461939124390019	0.00542587031805372	0.0251714221585017	0.0195609346518412	0.00185371939091113	0.00487800861965301	0.0036165216373669	0.00573865235261764
C[C>A]A	0.0107977713727184	0.0162041276002189	0.0203383733876926	0.0430301356709311	0.0171131479289237	0.00770819844472168	0.0154908479472085	0.0145321293212891	0.0243797767871115	0.00704157472784038	0.00882592135375172	0.00151820585586	0.00917944800270586	0.00783319057126197	0.0124336320460666	0.0124711218406944	0.00769989301148788
C[C>A]C	0.00407057328055712	0.00906675972319751	0.0115978303566452	0.0421024113230466	0.014160111124194	0.0195564076365754	0.00857926723448797	0.0107300186041814	0.0068723207768552	0.00665339574842539	0.0097565866342829	5.46496685848334e-05	0.018722179340538	0.0088667625979028	0.00854323401701641	0.0110980011487804	0.00929551032052423
C[C>A]G	0.00116928382146103	0.002450006113974	0.00011260168800021	0.00896447933990347	0.00396766741235905	0.0032463598615785	0.0026757369851455	0.00142150438273348	0.00259208607467348	0.00153645305840431	0.00231814828484704	0.00366152276020084	0.00608663893533709	0.00258880822949616	0.00211079494593009	0.00272867883741059	0.00248578190731496
C[C>A]T	0.0111223186114508	0.011919152554901	0.0204638753496232	0.0326531156956487	0.0102964453281037	0.0503262595749535	0.00720437319609162	0.00389377794014117	0.0199778417204159	0.0043127452337453	0.0077252258585206	2.60281752451209e-18	0.00513282486554342	0.00357728240602504	2.4190133162821e-08	0.0289255264352489	0.00340093774996604
G[C>A]A	0.0139360503629729	0.0155761479863984	0.00581429912249805	0.0228525638751165	0.0107584205415484	0.00134928538586854	0.00848622671667394	0.00883998113792385	0.0556962631881669	0.00489246578732187	0.00816526376341161	0.0214427387845525	0.0485168152767915	0.00381833849128703	0.00462739171758062	0.00754845191381851	0.00996156964001489
G[C>A]C	0.0063695341526577	0.00514003009049032	0.00557198420896398	0.025545082890569	0.0112366325973388	0.00504358589348725	0.00368781225468348	0.00637320284608988	0.0103093178633147	0.00140345981942176	0.0108577022624159	1.03215924988779e-08	0.142795489107065	0.00394878405503915	0.00183320533042171	0.0372222165193745	0.00733273713906154
G[C>A]G	0.0019641619291822	0.00193017201257692	0.00367217304562484	0.00740576786876433	0.00516519175854192	0.00130388091479961	0.00123238527425539	0.00288008195818442	0.00143229935507623	0.000962260782467457	0.00357997339320267	0.0060250764502003	0.056211727397319	0.000420589530917859	0.00350258840091738	3.88944649979103e-22	0.00172576333202535
G[C>A]T	0.00760327188411796	0.0129432620261643	0.0102293670576188	0.0163606819935497	0.00778905674854612	0.010846647906111	0.00227313455050203	0.0044267836806148	0.034887381353138	0.00252425662714015	0.00730176062115759	4.07155120020368e-06	0.0584774942015399	0.00182040299308134	0.0074584536551041	0.00389741803310829	0.00482400748287065
T[C>A]A	0.0175930496684868	0.0255232809260365	0.00966890458030184	0.0297912901175282	0.0128799482174622	0.00164766782891796	0.00584643448090783	0.0112128561119143	0.0526664753618741	0.00628938333407275	0.00943364362756656	0.0229992773037544	0.0238741238212788	0.0119287690734994	0.00630058529031618	0.00204457970140628	0.0156948020110162
T[C>A]C	0.0134632080754405	0.0132820245044954	0.0128287808341081	0.0397486253452063	0.0147164377820633	0.00636040813185908	0.00757727600696611	0.0102722852667406	0.021128795282743	0.0045823746476111	0.00780710883672945	0.0171436821534695	0.0436081203073208	0.0125339141093408	0.00490068670064628	0.0137312676875768	0.0164026334601181
T[C>A]G	0.00238942980198732	0.0013175970344454	0.00208349461971901	0.00539800419251609	0.00309235927166529	0.00101206421111776	0.0019781442891432	0.00165114467705706	0.00648317938217514	0.000769006011007747	0.00196440802991586	2.91027016435568e-08	0.00900376316802521	0.00190468540606538	7.19945851624328e-125	2.77933953181729e-37	0.00243462656851953
T[C>A]T	0.035292003634357	0.0312682477624441	0.0106908500698113	0.0302684017850744	0.0142070311931834	0.0138874371837305	0.00475950863999724	0.00677613709188229	0.103215206185566	0.006949375061989	0.00968446784086764	0.0120504675341931	0.00717045567566304	0.0110326840965154	0.0172894161963299	0.007478084875195	0.0189804531162054
A[C>G]A	0.00876400846867899	0.00847811774962672	0.0109549876099429	0.0087340262853271	0.00559498258666177	0.00121693977395063	0.00443568185002506	0.00380440699736103	0.0170582832469035	0.00264586829664128	0.0021052114748248	0.0101806675963814	0.00489745395382762	0.00537133427526475	0.0044974536070703	0.00356142947383995	0.00143011996643093
A[C>G]C	0.0046062424069158	0.0055202988169255	0.00883613093159254	0.0035678922985394	0.0041432869450376	0.000325111593307832	0.00192827940381837	0.0017778415905631	0.0102388623998003	0.000583832667164695	0.000997625738610601	0.00764753245626026	0.00597951148059048	0.004180049404876	0.0023235470928052	0.00471464306103554	0.00409851732381697
A[C>G]G	0.00180401564416951	0.00164631706210323	0.00246638796670417	0.0015696724509717	0.00131600498579685	0.000354876419874346	0.00031486942134518	0.000865940657088798	0.00282017314484759	0.000316586374209713	0.000457428654670445	0.00384884210493242	0.00228801692601493	0.00171635859250957	0.000704176850265172	0.000458964758472839	0.000238440225343326
A[C>G]T	0.00767232533516797	0.0104609765948998	0.0233985386185331	0.00508068083641814	0.0084968163210483	0.001514111882277	0.00200272874456449	0.0105101821022341	0.00779621663496961	0.00243149530734677	0.00216913098259275	0.00499988426856518	0.0029771722156236	0.00590266637645247	0.00544055293068185	0.00595951643862246	0.00684571606422662
C[C>G]A	0.00418339978530552	0.00456101647851754	0.0103965118567068	0.00624122841781503	0.0058252280929345	1.46699929859853e-128	0.00248376506904666	0.00461300803143761	0.00744581278202664	0.00145860658992066	0.00134372322660332	0.00678526509274713	0.00146806804240757	0.00694708087281439	0.00240983493675286	0.00238325305070233	0.00336764577881643
C[C>G]C	0.00390465237311258	0.0032760754310017	0.00889442279925159	0.00726103199106014	0.00634914045262505	0.000381313203707747	0.00211150681784543	0.00520584523910487	0.00413891857992958	0.000933041311979026	0.00119348572668957	0.00775512281275126	0.00510467328248222	0.00934945823371319	0.0074068201542769	0.00646447567488555	0.00499346820447612
C[C>G]G	0.00155015305273206	0.000862430063404362	0.00476563560492941	0.00180550163410402	0.00231503176595529	0.000267591109064013	0.000695979834967	0.00126776751309658	0.00226051688808632	1.04796613750638e-184	0.000344607373108799	0.00323574241478354	0.00208751038308092	0.00358834221827133	0.00400952182536455	1.12197201453381e-16	0.0014719115301809
C[C>G]T	0.00597968970594866	0.00795827545472414	0.0190175966846368	0.00748629707038844	0.0072118158521624	0.000635431013128995	0.00258700845258237	0.00875065558541779	0.00594658022805099	0.00245206684112484	0.000989216086657127	1.2841778458178e-06	0.00351195579454002	0.00959261716626141	0.00493739845806106	0.0122170269255587	0.0065409775767617
G[C>G]A	0.00306113422618132	0.00295866355010385	0.00864947000695649	0.00515562362335443	0.00473953635472153	0.000495737083380752	0.00158082544683934	0.000891541326759347	0.0026819895467333	0.000561826717585184	0.00136388155548345	5.37657572463376e-08	0.00280865620251786	0.00210346417327368	2.0815109333432e-82	0.00268869754234454	0.0016971262289052
G[C>G]C	0.00221660646403505	0.00280251738199591	0.00378214159003521	0.00452829665295799	0.00404994889277384	0.00183442957462671	0.000661305330049729	0.00197130003151593	0.00449993293665206	0.000749227254884118	0.00147735347414214	0.00527013459382508	0.0113789083928758	0.0043146789180395	0.00168702333144482	0.035237074835276	0.00366380097726854
G[C>G]G	0.000558373835854745	0.00011764118962605	0.00181924481741957	0.00111470508940777	0.000863557363279067	0.000185761700549754	0.000573002322248944	7.51652704138513e-05	0.00150580296339483	0.000787832239586187	0.000505420443035286	0.00414544390346962	0.00541905730290389	0.000741947449952595	0.000292357254349558	6.11523392222077e-17	0.00030439829932134
G[C>G]T	0.00326227252468938	0.00509412362850675	0.0119013433259977	0.00391009332035143	0.00447076250797142	0.000838884923405036	0.00122343538508226	0.00457916904104708	0.00526838591505139	0.000728422660529354	0.00181959937536164	0.00324366931945156	0.00421467082495654	0.00537530810719401	0.00160179619191464	0.00684738989925254	0.00190176443428188
T[C>G]A	0.00361401422010151	0.0386680197610735	0.0282435715010572	0.00462878881813636	0.00583763023756043	1.83251017568909e-93	0.00309346077519899	0.00207376538460002	0.0010227651412363	0.00198347113684345	0.00323868310549555	0.011739906818483	0.00510391438652164	0.00798399555377828	0.0106587676165206	0.00589898251954107	0.00576126717212065
T[C>G]C	0.00582631523938924	0.0163748811567367	0.0222480701378319	0.00621386453655897	0.00806020808191318	6.12645907180666e-69	0.00152690136700614	0.00675802093682826	0.00485738245669544	0.000946481212122189	0.00211400452502737	0.00897983254133147	0.0109470735518561	0.00698678245886016	0.00675902201260436	0.00438231793642571	0.0046656381189764
T[C>G]G	0.000881878755824945	0.00203941897364621	0.00202147301805956	0.00102048032556791	0.00110534071439653	8.32978742666135e-05	0.000480421303885136	0.000568587140986704	0.00239714313890736	2.79821432253225e-133	0.000578872452855137	0.00425663733221474	0.00153564588946248	0.00335055937106104	0.000651984548576076	0.000869611316388337	0.000300075289541083
T[C>G]T	0.0135186004123582	0.0540672536538582	0.0491313215283803	0.00569654239276533	0.0101964079769143	0.00121303503202294	0.00294345679256848	0.021851657876168	0.00969960528654739	0.00395960936482572	0.00489431099592377	0.0120389910386844	0.00573315407364665	0.0105320832092413	0.0122272019926847	0.0159551309587949	0.0132862855971814
A[C>T]A	0.0246538269018075	0.014912867998315	0.02831438339379	0.0203000179580498	0.0203977370583017	0.0342025447581672	0.0109908380929015	0.00817325382080743	0.0220747101020185	0.0130321819875764	0.00584159992011407	0.0372389733057516	0.0133714569456196	0.0153082862773405	0.0542521543806694	0.00576329981135452	0.0152688695060931
A[C>T]C	0.0184655606128169	0.0045467054058268	0.00132716895157375	0.0114960820895552	0.0109948102941249	0.0159672464041438	0.00346195271934595	0.00409006562273619	0.0102822449443777	0.00579354307888589	0.00305981341425361	0.0405815061805513	0.00751602240128153	0.00919708821336452	0.0592724820027321	0.00159545547615717	0.00726767482557924
A[C>T]G	0.0812318868389938	0.0198856382491095	0.00515139497012894	0.000743214226578497	0.0170839652194797	0.0683121591405872	0.00118786458294958	0.0101983190349629	0.00820085270926122	0.000357130885384937	0.00370286078789139	2.70239070085515e-05	0.00576426426376936	2.23873114938783e-06	1.03422934573136e-13	0.00361400667323749	0.00500823781374626
A[C>T]T	0.0166054321058607	0.0137416493795205	0.0245798340455888	0.0110932212609325	0.0163956354102497	0.0111297725904992	0.00261719351931154	0.0057397757044103	0.0120525646034472	0.0231468178637939	0.00489880444598555	0.0151930914589332	0.00899148512886335	0.0121421707190684	0.0123642098830361	0.00155118754188568	0.00653437333201964
C[C>T]A	0.0186161911195803	0.0114186031199032	0.0260943423402371	0.0268647144747215	0.0241298393442189	0.00420799491976286	0.0115733904774104	0.00985784178399605	0.0144360288981977	0.0881398272768284	0.00773219226916535	0.0264367658423418	1.47296726048134e-09	0.0162510054395957	0.0649625934023934	0.0157598872488421	0.0161910342859919
C[C>T]C	0.0225272603160795	0.00218127511611896	0.0158796617929953	0.0180011326406539	0.0159143798884904	0.0114884254459803	4.08517205478341e-07	0.00176569530756992	0.0153824096311574	0.0554228763993485	0.00914921560277712	0.0752625464105078	6.04138904015433e-06	0.00809370123206756	0.0588699140351408	0.0938897492066588	0.010403985408149
C[C>T]G	0.0517514142524575	0.0147488615860943	0.00799528525958689	0.00308414621800127	0.0118107057879425	0.0455943072474266	0.00138504038796166	0.00317860148835684	0.0150890809650444	0.0112716455994456	0.0043610752848951	0.000633036438826836	0.0015161692762766	0.000127920418643934	0.00250173090657251	0.00399088205810636	0.00167649212380886
C[C>T]T	0.0186106170610047	0.00942135561916401	0.0243256655959086	0.0245306759800651	0.0276167100874896	0.00352904790550744	0.00488414630908073	0.015847557410309	0.0200379150543263	0.257659493775384	0.00592527872838384	0.0593892579924832	3.01032911519342e-06	0.0143193058725354	0.00702096963509162	0.0620304889028556	0.0138700411004001
G[C>T]A	0.0186706613472994	0.0123448819720726	0.020868168625014	0.016878407773061	0.0188773083974421	0.0430073177357849	0.00825372812385782	0.00834950631837138	0.0119988087233079	0.0490476280195338	0.00612157411007897	0.0390614013517022	0.0199834322051648	0.0124687401857171	0.0384729669202653	0.0133075408718455	0.0141926642872641
G[C>T]C	0.0227054804911313	0.0072126846117572	0.0102982547917035	0.0132839187275487	0.0135957200952655	0.0538964360905661	0.00179759647560204	0.00541217992876024	0.00811615325601323	0.0359437216323177	0.00719597245826216	0.042657607897964	0.0448915259074841	0.0100594584894657	0.0671550544629879	0.0172101908811111	0.0137561724192219
G[C>T]G	0.0637458128437777	0.0154869557036786	0.000538910518479125	0.00176670170166217	0.0162309553390148	0.081536491694137	0.0010220682239765	0.00444549178346435	0.00768765600108517	0.00371579873427433	0.00375112232596902	0.0186942095010557	0.0278938336824425	4.89252055781975e-06	1.78520793021843e-08	0.00210582297476442	0.00304874277130912
G[C>T]T	0.018610087399908	0.00870408901825257	0.015986996101872	0.0120708552100326	0.0182587567747414	0.0306779612818788	0.00317594460294429	0.00992982685389205	0.0165345232859385	0.112489126854335	0.00599293805430481	0.0486753012766271	0.0237655398135707	0.0100823063922727	0.0108808494768254	0.00706593511325382	0.0142968768170277
T[C>T]A	0.0269119969041662	0.0817984108639525	0.0157659420613636	0.0254774951217779	0.02001424627595	0.00564329282529294	0.0049575974168549	0.00565121866365903	0.0065540694248413	0.0193321352879449	0.00701540323368924	0.0203928638760437	0.000413993623187609	0.0173442553293909	0.0582873109840722	0.00892181283414096	0.0142352582614244
T[C>T]C	0.0305415962977743	0.0340027814014579	0.0152734631315554	0.0212082789577865	0.0179020068931781	0.00932795839299311	0.00415013735384527	0.00772217470335143	0.00672452864591481	0.00999413529348427	0.0065430254351341	0.0259548960418051	0.012403998880138	0.015764523464123	0.0696364147375702	0.0152232918995017	0.0121792121692433
T[C>T]G	0.0355124666119452	0.015753393548412	0.000942744535108972	0.00316744350239087	0.00622150427281135	0.0234324102702748	2.04171066808693e-05	0.00434219822945598	0.0120827677757422	0.000939853434451257	0.000863181287747638	0.0126701006764303	0.00194831930705564	1.44966845244699e-05	0.00376476717906564	0.000629380169377892	0.00173661385297271
T[C>T]T	0.023024024649352	0.0588273569092836	0.0152415563849544	0.0209606472844914	0.0240825798716072	0.00553227516810307	0.00279920365882456	0.0136297828591655	0.011813606380874	0.0424210175947016	0.00675142523498444	6.54323408014742e-07	0.00432390371317081	0.0181613912795662	0.00905070677423236	0.0146945504937807	0.0180940270101176
A[T>A]A	0.00158240334758955	0.009881342943035	0.0112984402382795	0.0088888259004222	0.0143989908696935	0.0119785795679587	0.00435911527109382	0.018384762834845	0.007303446961732	0.00288875710949016	0.0460145249674217	0.00427924926946008	0.00844040394152316	0.00445401328382933	0.00499925010931347	0.00949826752992092	0.0187056166070506
A[T>A]C	0.0103045995344973	0.00529842810005055	0.00584962892404463	0.0053079890046762	0.00926174366525189	0.0151037542211708	0.00354252933684998	0.00698229747472053	0.00331986711182355	5.92622986390878e-10	0.00869700695277729	0.0052267919451396	0.00482870435734402	0.00572823477113907	0.00343410884225463	0.00534408308402776	0.00650865085891317
A[T>A]G	0.0050740057191841	0.00655736143705917	0.0109127125615483	0.00957052122611356	0.00978575677990334	7.97086558520761e-23	0.00215627640105138	0.009494811766917	0.00525841087914162	0.00316822870518146	0.0500924609027374	0.00342280044422019	0.00532229377217563	0.00389473986087451	0.00135698470247626	0.00301816693165661	0.0140900219210741
A[T>A]T	0.0176132426767529	0.0192222737925762	0.0159135740617188	0.0040533814077488	0.011727787698985	0.0221632088514654	0.0034688356945609	0.0123050707819035	0.0107934819507041	2.07574541971169e-35	0.0181102034733228	0.0152660312835285	0.00562811350345461	0.00491212566631566	0.00905453465307137	0.00806318658605457	0.0116020806411689
C[T>A]A	0.00103837152780509	0.00506802424866446	0.00464465363737316	0.00457797483645534	0.00444491098486651	0.001204871750921	9.06356274051603e-09	0.000770228313980209	0.00234161284492293	0.00299184373797376	0.0725454077218081	0.0051882910321708	0.000927101043543311	0.000237842378200987	1.20184824574e-09	0.0303975741472873	0.0094854647323884
C[T>A]C	0.00173420768470365	0.00797383214239375	0.0108317284246986	0.00850100264457546	0.00677083324319569	0.00217410280801884	0.0131950777009016	0.00340349190789595	0.00161826206893568	0.00319783160334717	0.0379760964257547	0.0140658441307403	0.000524885228415843	0.00805190670117912	0.00840049885245182	0.0195575784951411	0.0141494048146902
C[T>A]G	0.00167222099501496	0.00288885671848569	0.00331850445653289	0.0124817087137402	0.00306220938221262	0.00282213342319991	0.00318723670071493	4.36999952174014e-05	0.00807738133156696	0.00571537845273959	0.131415265190294	0.0128082580887282	0.00592994357466481	0.00763994249744863	0.0139073783132079	0.0362492847901937	0.0183573688377913
C[T>A]T	0.00455606973001945	0.00985293172259697	0.0183852256353156	0.00158344083345677	0.00728086139971698	4.59102009251664e-30	0.00332819330499999	0.00504821514827789	0.00698557605379051	1.02757718351291e-26	0.0399169625708168	0.0122501070311966	0.00807826980872131	0.00630273493725766	0.00303196612090669	0.0560979934028061	0.00552033588260242
G[T>A]A	0.00252717159023997	0.00164918730456357	0.00238342116256421	0.0050792325115026	0.0032453139280727	0.00183688382099604	0.00139586721658286	0.00225281380575139	0.00357202032787813	0.00146512945483568	0.0355757436357593	0.0084313485978414	0.00409176775627523	0.00245097234387317	0.000856347948828044	0.00387328882870525	0.00539685396212007
G[T>A]C	0.00355767215765616	0.00291535121047913	0.00379844083913996	0.00358169878360865	0.00340176578921751	0.00622354882751441	0.00500684792295584	0.00277968220202906	0.00388657454828884	0.00164609490369869	0.00838281806777544	2.92669407913791e-07	0.00324448831487533	0.00501611710998149	0.00184664243264606	0.0025886216561059	0.00396298990710117
G[T>A]G	0.00282245380329619	0.00225325188352393	0.00556985004019059	0.00890957583416158	0.00470825258747207	0.00247667741105905	0.00259589400084197	0.00528276381833991	0.00090944840891057	0.00403137533507513	0.0366384864649588	0.00648952401164636	0.00222312815488375	0.0031523405919608	0.00416037808836409	3.79925556996561e-31	0.0075063094560192
G[T>A]T	0.00472796437407916	0.0083519308984271	0.00718749470823862	0.00464145077996706	0.0025703727096911	0.00346567932252741	0.00246401839395709	0.00164636151292813	0.00393943455749845	0.000837906882615139	0.00847950348018498	0.0092896364828731	6.53297394029916e-08	0.00558095383114037	0.00375617087800609	4.07377997934236e-07	0.00391390372875073
T[T>A]A	0.00918456551690465	0.0137401345254378	0.0123452603622605	0.00640713520102727	0.0100599557744773	0.00539294282431415	0.00252255990232432	0.00994877764578531	0.0106637294496805	4.50583804418509e-61	0.0488980824322843	2.31604906480731e-08	0.00708301564661749	0.0047883562242292	0.00432002289671671	0.0052388328801283	0.0186881124539829
T[T>A]C	0.00276170959686214	0.00680534952848086	0.0115536131902648	0.00488350769730989	0.00638069604474544	7.96110089757066e-24	0.0207839134762715	0.0044321716222597	0.00368162608316942	0.00441379760514383	0.0167844240715919	0.0071865805411975	0.00717853278046645	0.00627857653073136	0.000184266277830871	7.05458397029006e-21	0.00758321072894631
T[T>A]G	0.00163468681851562	0.00439440696053211	0.00709386093067511	0.00724581648465288	0.00392243671429282	4.88229661536586e-78	0.00515895955319998	0.00530796826095206	0.00409501246961273	0.00214796747995327	0.0451359762872667	0.0106919239676793	0.00671879624150758	0.00534575339733262	0.00906781554738771	0.00390658591849028	0.0108383869679247
T[T>A]T	0.00851426648652819	0.0165084344500622	0.0211720482353908	0.00653765804194358	0.0108346204390195	0.00145174093953595	0.0117228832234908	0.0049531463135908	0.00795733968687335	0.0016298095635019	0.0208384550855748	0.0196663896449754	0.00366074362766283	0.0124004491165035	0.00518935963410801	0.00162118877588634	0.00765786305933053
A[T>C]A	0.0126454467884494	0.012989712253295	0.013410901673868	0.0221093270291163	0.0330275773139487	0.02506910275394	0.0643342990285565	0.179445241530581	0.0146671813357712	0.0274963794825796	0.0195098792442387	0.000459648700800511	0.0105362959630339	0.0153776818710293	0.0260078415073997	0.0227842545574024	0.0783052461508219
A[T>C]C	0.00670002762632426	0.00417465946775696	0.0074477739973282	0.00413800598865245	0.0126534053142023	0.00529210419749303	0.0386941683782183	0.0141525074445154	0.00469054266221443	0.00489753776149947	0.00134722865988346	0.0124594160983988	0.00147383686852727	0.0116052483193547	0.00687731171444452	0.00620978571211906	0.0113761859646192
A[T>C]G	0.0167101092554788	0.00228754640805066	0.00941500410668165	0.0218999114859616	0.0262992673297217	0.016660149210717	0.0416648465325538	0.0590537086740186	0.00400792952918764	0.0106412825988644	0.0148876415077589	0.00967955331731176	0.00403779904920568	0.0273340866595688	0.0233349959155197	0.00928714657069493	0.049140327789596
A[T>C]T	0.0173872397741424	0.0146937883494309	0.0180604244869708	0.0107150671338103	0.0323083578917591	0.00872880080307492	0.0269893110597402	0.102617045836958	0.0160819069504326	0.00772976613492253	0.00735166442121143	0.0151957571085987	0.00778438463741996	0.00851958430128794	0.0125613541461174	0.0172808992749669	0.041439155749136
C[T>C]A	0.00555053966771825	0.00314344242825345	0.0132803029405085	0.0116554968979439	0.0109084447789198	0.0152364516017285	0.0396539791066847	0.0221000851203955	0.01266370972877	0.00804013317967879	0.00589679154254129	1.98798400571046e-14	5.85310627826728e-05	0.0208596394228071	0.0217158929575033	0.0106454016793615	0.0187772623032614
C[T>C]C	0.0019842276338583	0.006640848936939	0.0079798333625186	0.00432176725432649	0.0104101350473339	0.0033697150849911	0.0582116908193966	0.0028130523921617	0.00755935958773219	0.00749595807683749	0.0061008940779953	0.011126667545309	0.00823738266784359	0.016463875257554	0.012064887217451	0.00963112253448511	0.0131981691647051
C[T>C]G	0.00705035106700607	0.00261340852597975	0.00673821433827897	0.0114815386538313	0.0120576945076466	0.020952317736716	0.0324786506379903	0.0150199840066987	0.00644701689713353	0.00580560992643011	0.00543132103043339	1.13922991056369e-06	0.0053599503655083	0.0326583250698641	0.0207240785248557	0.0113625479793174	0.0168930154189888
C[T>C]T	0.000880202244077188	0.0157136794274053	0.0130370863918212	0.00328806285829267	0.0149361630710729	0.00870163622082819	0.0432743452674734	0.0197874714074693	0.0117578527819155	0.0054468975947349	0.00377718192725759	0.01212282449908	0.00934435674250292	0.0141494864099098	0.0130000592292699	0.0394316960795259	0.0130251671892827
G[T>C]A	0.009685431587692	0.00368119247554031	0.0107604561456024	0.0162460710844145	0.0198800265198703	0.0430580655792793	0.0623287634452348	0.0154926247418392	0.00527941479997085	0.0129621414639872	0.00561795540758716	0.00487707931821585	0.00400651633198021	0.0150815014526919	0.0230594897347262	0.00394891769471193	0.0224344210362951
G[T>C]C	0.00657046094928241	0.00461909415891064	0.00570513544856326	0.00377457283790622	0.010011891689224	0.0123549600498841	0.0285537348358069	0.00209058845351675	0.00355553511052768	0.00215471147016913	0.0042622695191585	0.0084433318354662	0.00996263846325051	0.00784191399645024	0.0100682963476541	0.0297704861379921	0.00875717138424287
G[T>C]G	0.00647698744149445	0.00535617359375603	0.0127174131155485	0.0099198367505733	0.0148379966308805	0.0264760709941053	0.0325741888012221	0.0118136652527635	0.00572624144531039	0.00724590552083176	0.0047396784154746	4.29232887575764e-09	0.0018659562867411	0.0141009191765539	0.0181895141741472	0.00129265796789582	0.0140403255729343
G[T>C]T	0.0106187669228765	0.0105281615753068	0.00942367660879818	0.00931090766864904	0.0260626681327069	0.0220844890343814	0.0326802736783647	0.00812813029917855	0.00984632406553577	0.00449246715024536	0.00482405245585707	0.0125447817417219	0.0150851839402758	0.0106637896979369	0.00431945412199069	0.00192537324138725	0.0201690259278941
T[T>C]A	0.00993030414432454	0.00443068343914608	0.00743306162762708	0.0171984431988416	0.0182045249909854	0.0312749850491493	0.0733390632662089	0.0360088192242948	0.0150131438161891	0.0127688004038928	0.00537017303478057	0.00838945783534188	0.00279171085729543	0.021721099687736	0.0248722812210898	0.00845656829146477	0.0358353111681884
T[T>C]C	0.00511848931476329	0.00990678802206671	0.00610395086416026	0.00216611644947532	0.0132390564427962	0.00824831356373112	0.0457030875092648	0.00415397575871592	0.01283505383253	0.00498680597552443	0.00342695366350352	0.00782205364543321	0.0104166459601866	0.0112264751376842	0.0040116202084074	0.0066260203768727	0.010653684133962
T[T>C]G	0.00664363897898431	0.00296184215827513	0.00124706876806221	0.00971039103748766	0.0119069398309157	0.0176781969891863	0.033454826097842	0.0142901732351909	0.00336812992524809	0.00802255973726602	0.00605035143266296	0.00913777236191973	0.00429541014192968	0.0156579982839963	0.0106850181071823	0.00140695369139607	0.0206052378695084
T[T>C]T	0.0115998279413116	0.012216965199298	0.0150511698103655	0.00680451468259645	0.0246947724504487	0.0262846157648286	0.050339153133666	0.014402494604421	0.00927380390799555	0.00309381844668263	0.00325128016258953	6.9635591762517e-17	0.0164026426482903	0.0120087886083522	3.11708025538778e-26	0.00646539854380118	0.0145824935086874
A[T>G]A	0.00341080264722349	0.00473803404954073	0.00205709843063343	0.00317722915962813	0.00507398077195832	0.000885232073552408	0.000584449201876695	0.0110122882294696	0.00382361295643744	0.00137344914853294	0.00379620466553649	1.61113939795962e-14	0.00538097254175778	0.00895255564097258	4.3979718036724e-11	0.00745165644782828	0.00647822863880354
A[T>G]C	0.00124122885159386	0.000963905445527895	0.00208309513743967	0.00104622953238737	0.00184163151306928	0.00175388945285563	0.000798632503305843	0.00415766812707379	0.00314578998162257	0.00153088421651336	0.000499035073995176	0.00407577249995981	0.00321654696877916	0.00918310724871888	0.000244540618474033	0.00355246257387269	0.00286919286960634
A[T>G]G	0.00233072855089908	0.0037119015596915	0.00612270240889238	0.00241996851294543	0.00384178235418926	0.000677805700492129	0.00119820514499601	0.00467474291063892	0.00271927186538826	0.000974392760572542	0.00289245846352654	0.00431163360818131	0.00436658670498191	0.00641747803813598	0.000909758019185755	0.00794648183841998	0.00434025239456502
A[T>G]T	0.00436033737690843	0.00632915813138039	0.00475528682005407	0.00339672491930096	0.00424427987730284	0.00342398105526344	0.00221258586512247	0.00637850424045525	0.00630280702692763	0.00113780268538723	0.003031281101285	0.00271868801720487	0.00432076558709456	0.029236024364471	0.00376963255537303	0.00335717785632968	0.00713423475870483
C[T>G]A	0.000414745499842225	0.00227762280786665	0.00486743483902142	0.00180524120615619	0.00303510124221699	0.000693146744189753	0.00135680273264178	0.00357236721029013	0.000949500457640083	0.00019241707104351	0.00317806287013324	0.00248094123400436	0.00254763135194155	0.0103739227547855	0.00144466716363885	0.00535696082247899	0.00384340038592954
C[T>G]C	0.00286739508879388	0.00251314459011616	0.00497531022329559	0.00312733713549336	0.00607169332246346	0.00422788862923538	0.00265157890690364	0.00233544140213136	0.00153710571104934	0.00107589279235455	0.00201599285620458	0.00121620702631347	1.11545467977434e-06	0.0204504788721586	0.000501331343227433	0.00509298984374558	0.00484453092516404
C[T>G]G	0.00394145825710761	0.00329442803405656	0.00510039278917088	0.00224255198116998	0.00233108801617594	0.00643996335315861	0.00131670460806972	0.00289534333160182	0.00413794812724055	0.00217128748828389	0.00909891075178443	0.00244085079355188	0.004431058724901	0.0181758839217871	0.00367161047316075	0.00750778463402235	0.004602485000122
C[T>G]T	0.00456937340117573	0.0160401653163187	0.00225909230846146	0.00218038052400651	0.00598145091735089	0.00783838808671465	0.0037174040562312	6.24009740647549e-05	0.0102224391282437	0.00271444758753483	0.00272766989484459	3.21832799686756e-08	0.00603576820979109	0.0771960889919625	0.00795443688085709	0.00817557912933425	0.00787898694586134
G[T>G]A	0.00246152386719651	0.000841157106806565	0.000980411868102126	0.001188279224205	0.00218783793172798	0.000210490877984769	0.000624228076860962	0.0018514721426111	0.00194376807613015	1.59186733584759e-59	0.00170283026689691	0.00520374258200976	0.000707549107583044	0.00370147840312012	7.37106343902046e-09	0.00244244265591105	0.00159178528749287
G[T>G]C	0.000790949897639981	0.000324396533665996	3.81920862575828e-18	0.000825166689079766	0.00226371681474862	0.00137456889104514	0.000114774936958485	0.000459920599346566	0.000470876019890101	0.000337659835938261	0.000642144584234091	0.0051614009113027	0.00163590923147875	0.00481009970569581	0.000958481831184398	0.0110070604557859	0.00263647074405682
G[T>G]G	0.00289671680573813	0.00342732612765695	0.00970595478432881	0.00117407130355733	0.00322855127679718	0.00176369013281566	0.00128947195581641	0.000976108299704713	0.00301236747267477	0.000598873776452499	0.00404741901021498	0.00257390630770079	0.00337846002038306	0.00526819148995262	0.0011663924734925	0.00355577685710878	0.00219829628346382
G[T>G]T	0.00237649138766124	0.00610339013174846	2.10684757535893e-09	0.00119935523740805	0.00208609224049181	0.00525149219880158	0.00117681478391058	0.00180790070774636	0.00674303674123325	0.00121332956451407	0.00122392988780103	0.0109426491850793	0.00287915775463933	0.0193824022792011	0.00347554217121975	0.00490190284038723	0.00303319341758579
T[T>G]A	0.00291003312747041	0.00456564307182039	0.00526494626809936	0.00294016275065699	0.00424999852948923	6.42840013494325e-87	0.00157751489373281	0.00807309036895672	0.0071299036829352	0.00132488376688439	0.00351183107332083	0.00355675086031382	0.00388280146654916	0.017314380337797	0.00185753757999375	0.0108873152955653	0.00702690930147206
T[T>G]C	0.00174121604529663	0.00382772516103976	0.00454548224877873	0.001514641150149	0.00387748539674286	0.00101183077006947	0.00148044829650303	0.00540401344432582	0.00510899778839277	0.000808838513444287	0.00151698871782926	0.00471861692232578	0.00549504478497951	0.0160940370039711	0.000292255029247329	0.0052717334600231	0.00397303767349901
T[T>G]G	0.00298415826539338	0.0038062069570711	0.00949074852191576	0.00258522600416247	0.00415337092550706	0.00115450939774841	0.00193479450192056	0.00544316293219214	0.00436933721007473	0.00168931464292874	0.00514764645787756	0.000116391615874462	0.00228142810351389	0.0132666797280242	0.00122962961752749	0.00919842678691815	0.00673725621986323
T[T>G]T	0.00847227514105483	0.0115294272070977	0.00613012445476237	0.00444766393492426	0.0106391218684986	0.00440947471046883	0.00369367517854541	0.0100779090416695	0.0122545039989565	0.00348068183177068	0.00436201275517522	0.00692661202246291	0.00796565703451163	0.0696291775370239	1.56543231667624e-12	0.00710463842252601	0.016235040754418
