SBS1	SBS2.13	SBS3	SBS4	SBS16	SBS17	SBS18	SBS31	SBS44	SBS88
A[C>A]A	0.0150150839591902	0.00205098821398521	0.0238512309307601	0.0449363953255285	0.0194449605669627	0.0128978371194693	0.0347634149125844	0.00840729391933707	0.00109997977961111	0.0023844454181239
A[C>A]C	0.00873056078598715	0.00212209376270765	0.0143134883734318	0.0234674755021242	1.75251625442028e-07	0.0076289870209303	0.00666877336771363	0.0233114460736042	0.00816968476884447	0.00653700588167577
A[C>A]G	0.00332678059455516	0.000369143643015009	0.00398197142614945	0.0129429452698976	0.0034111376299572	0.0041242441593601	0.00263490893288594	0.000588828334784116	5.20247852256751e-290	2.81218155887132e-86
A[C>A]T	0.00517986657690547	0.00158664611541214	0.0172202364965177	0.0266956535118887	0.00490106850695212	0.0102575278622279	0.0159955881844753	0.014853863212951	0.00414795029416662	0.000794267015324001
C[C>A]A	0.0100381922388421	0.00276456881750348	0.01849643249814	0.0582237601432272	0.0106147119040423	0.0141620833670418	0.0376195912533917	0.0315692373710034	0.00738609358749465	0.00375627072309726
C[C>A]C	0.00583469733341343	0.00104398008182034	0.0156969342582784	0.048265561320402	0.00635058362936667	0.01047962800901	0.0135843401944328	0.0218160854038871	0.0174193841162031	6.10840117297016e-05
C[C>A]G	0.00207652775674359	0.000555483601456734	0.0051191249163727	0.013289271214457	0.0042131496263208	0.00465219933923159	0.00653615806705614	0.00235611578325434	0.00369817381639527	2.30405743042815e-55
C[C>A]T	0.00785843095299742	0.00264758157905803	0.0138240221592581	0.0390277186551335	0.0041119229573982	0.0100219649886896	0.0238704774411272	0.0544995256179535	0.043753802855488	0.00232776270354031
G[C>A]A	0.0158773946507416	0.00126953655800161	0.0122288443121726	0.0260095254493101	0.00689722412224338	0.00687023945987897	0.0497775763736577	0.00519240866513525	1.7150558401459e-12	0.00308445208469135
G[C>A]C	0.00358009002981376	0.00168903266307073	0.0085229257884169	0.0203821557185426	0.000447329032516214	0.00829919652881968	0.0139161202435063	0.0281687222528025	0.00794663064335582	0.00332873713184791
G[C>A]G	0.00214513179272604	0.000343811210793117	0.00249841880196164	0.0106831315439983	0.00261533008062545	0.00191521208064532	0.0059024314227458	0.00189564241682532	0.000257252648032137	0.000356563144180078
G[C>A]T	0.00921690951469597	0.00116214850129287	0.008596932245778	0.0171438907167564	0.00374574664344698	0.00906522496954377	0.0257094839185334	0.00108644349264828	0.00738054509497491	0.00398174721929978
T[C>A]A	0.00786821996667307	0.0213637574394201	0.0172472829958338	0.0292254190143266	0.0191878025370087	9.66202068281656e-08	0.048605456452269	0.0124810793105529	1.67514219086095e-24	0.00343214924961079
T[C>A]C	0.0120767860375873	0.00902316869870702	0.0166329627556262	0.033675552774208	0.00790221715601005	0.0122089820927498	0.0263302298507963	0.0119777513050299	0.00217892215697266	0.0025430667870066
T[C>A]G	0.00273610015589022	0.00165798888922811	0.00502162585513171	0.00637998329826805	0.00334337782330067	6.95146221230027e-22	0.00657014367249816	1.08107925764957e-05	1.33877289066252e-48	3.65546187724777e-44
T[C>A]T	0.0186112727610559	0.015804865282354	0.0139549466889066	0.0295261681735613	0.0131566739126886	0.00115634603559566	0.0709268001309553	0.0160741251472664	0.00867691173398309	0.00782081551061135
A[C>G]A	0.00459939518395492	0.00242762116611179	0.0128589190550057	0.0157915092285896	0.00650149009995048	0.0100842884890189	0.00814091715670255	0.00348812597901879	0.00257632323622254	0.000958387736870296
A[C>G]C	0.00616017134517198	0.000780247178705096	0.00658130101805264	0.0058893620514046	0.00520607238713078	0.00227954934461854	0.00411997523850561	0.00655620410081416	0.000264067596135641	0.00166071836271698
A[C>G]G	0.00267397180981558	0.000588903279494081	0.00411325438485628	0.00367261292921976	4.55388402236838e-22	0.00250207936163652	0.000924227439653982	0.000623088381565876	1.30484297342879e-05	0
A[C>G]T	0.0024587587589416	0.00239974531629664	0.00704866664905819	0.0060535495865573	0.0177525267150336	0.0125913932108185	0.00975878882235423	0.00278466349089642	0.00209244348525367	1.30016335860446e-17
C[C>G]A	0.00179704457179625	0.00218669311256324	0.0112120402736513	0.0136424277177913	0.00388347130230361	0.00644160466543681	0.0040852378044531	0.0037883691227426	0.000715316448388017	0.000957418121078431
C[C>G]C	0.00309850886306615	0.000584344594107203	0.00675325382640053	0.00935432579989478	0.00365894684831673	0.007130777827002	0.00445658118592189	0.00347415839021672	3.0198999547356e-35	2.89897194273077e-10
C[C>G]G	0.00290445669571494	0.000557393478987964	0.0041672532658206	0.0052875797552546	0.00191706683566678	0.0018431147891345	0.00152777563907269	0.00117755481787725	3.50767112283425e-118	7.49594124179358e-69
C[C>G]T	0.00158128435850368	0.00307463754699998	0.0111737916798288	0.00616089207821535	0.0137103861393782	0.0081691932130467	0.00789321822122038	0.0115363292517008	8.59174860594412e-09	0.00113831112630084
G[C>G]A	0.00258900306533469	0.00087872461494496	0.0081571609227432	0.00881967621964324	0.00336728320416647	0.00368826691883381	0.00320265904173913	0.00164738737712689	0.000823681943672692	0.000504959797806579
G[C>G]C	0.00351319054267658	0.000603102270099191	0.00523911239037909	0.0067663169708581	0.00566986843622068	0.0061138732002137	0.000941865052803956	0.00950560121213614	0.000545125643850966	0.00103982392767956
G[C>G]G	0.000544395819479651	0.000129206788385223	0.00257735124795914	0.00531478025400274	0.00119161929408671	0.00211986349809578	0.00104856379201261	1.60268376728692e-06	3.25702211644316e-34	1.35730232980506e-34
G[C>G]T	0.000562782392055771	0.00159503750857003	0.00542947124614373	0.00398366679927745	0.00634034200540879	0.00744101881061019	0.00592942462544157	0.00499976964617374	0.0013387662514505	0.00146592848109609
T[C>G]A	0.000702325835368655	0.131499938035359	0.0136710499139698	0.00930884420205563	0.000137559793055192	0.00812603353413198	0.00383614935389186	0.0106980920041115	0.00662342355835916	0.00262097023523295
T[C>G]C	0.00650019521048799	0.0257932868913548	0.0118323352131282	0.0146734389627125	0.00375003589083385	0.00307473107826922	0.00134481417686937	0.0059006928720893	0.00131495539031137	0.00175351507066051
T[C>G]G	0.00213634604192668	0.00549434983407367	0.0043461141255011	0.00210133741455625	4.55388402236838e-22	0.00249807826478304	0.00186555227743263	2.49457020906713e-22	3.54562564900171e-210	0
T[C>G]T	0.0002746844895742	0.142563068957269	0.0252098243448907	1.60995190871997e-05	0.024802457133304	0.0229012622052221	0.0219450668646006	0.0126219987662628	0.00940316929354427	1.60441146711627e-07
A[C>T]A	0.0314938377068409	0.00678382343076712	0.0264715306737119	0.0198775686037986	0.0119143647297703	0.0141142996244371	0.0157572591675625	0.00973157692339474	0.0468679264210937	1.58689725421472e-09
A[C>T]C	0.0158818191860466	0.00223188609614696	0.00723650008988014	0.00689268190357378	0.00828484901853136	0.0056928318571375	0.0150332147564767	0.00481151909843668	0.00841752306245264	1.31055398391919e-17
A[C>T]G	0.113570034828954	0.00833872534122592	6.44680032270066e-05	0.00797808130415547	0.0119520892083272	0.0112443845601157	0.0158099558478834	0.026753218529867	0.00337120292861439	0.0157455730058947
A[C>T]T	0.0173041131162879	0.0039794864942302	0.0176553882579113	0.00698868079532463	0.00830606704641171	0.00854954661010366	0.0174688143910855	0.00707130124227079	0.0073963406642931	0.00289431316010301
C[C>T]A	0.0253570029295059	0.0123303277675207	0.0226928032185619	0.0158744505601984	0.0123223773145523	0.0103243819981845	0.0242244409203753	0.0360181814739177	3.74394651950404e-18	0.00209962889920111
C[C>T]C	0.0139947507737577	0.00705717005473362	0.0180991176704005	0.00306107239475858	0.00213072111318903	1.76939656296168e-05	0.0227367714354854	0.104168815944223	0.00734564052581588	0.00607940586109329
C[C>T]G	0.0738824221669282	0.0098181909649223	0.00732433947650633	0.00616584888127958	0.00109901906535965	0.0119243554697938	0.0142619201589508	0.0183461409933103	0.00720586337243549	0.00886540603849079
C[C>T]T	0.0166482088949462	0.0108113241870937	0.022026049349669	0.0146400027235193	0.0122870620371004	0.005309379105661	0.022999817150437	0.0837089926867979	0.00755016057881651	0.00433993511549203
G[C>T]A	0.0188183622354415	0.00653046836990506	0.0149503524783172	0.0124086853184688	0.00776660087637575	0.00255131660833114	0.0181191972334686	0.00988202717917475	0.0216055905582653	0.00449440112013159
G[C>T]C	0.0170005658429019	0.00493380611695922	0.0117821789629058	0.00359074986792391	0.0155948676213169	0.00133723955808232	0.0183307146384059	0.0130231451720021	0.0475469109098967	0.00270792075158692
G[C>T]G	0.0857632664344573	0.00994457918192753	9.06141631570916e-05	0.00721793594133472	0.00971565634505294	0.000734915162984082	0.0225109625977581	0.0185585691386048	0.0636319655039396	0.0120450684883581
G[C>T]T	0.0173945790471489	0.00717167867548522	0.010417395227284	0.00390773218478056	0.0183206538990096	0.00475863820202991	0.0194459094372253	0.00592476890084943	0.0226249249425419	0.00225253781845691
T[C>T]A	0.00988908515242778	0.246226833978391	0.00872124804007813	0.011396882705348	4.203101686174e-10	0.032700071372401	0.00386013259926696	0.00339137764071422	0.0105486191613221	0.00845613288521765
T[C>T]C	0.0200794512119068	0.0535422449946307	0.0143926498529512	0.0095496979847749	0.00288001449340238	0.00255595795135612	0.0332123312274515	0.0199253405327505	0.00878166153427223	0.00362484393784914
T[C>T]G	0.0562293486328143	0.0347267698910182	0.000458916166905712	1.56427130565743e-16	0.00302496001723519	6.12463068190355e-10	0.00981256956121034	0.00253765884750793	6.16432006970416e-11	0.0061263131991252
T[C>T]T	0.0157921939194271	0.13035657327931	0.000295459160577195	0.00986531245562479	0.00398143695391477	0.0226800189774117	0.0204538348760578	0.0268225564058811	0.0135044776052288	0.00711717394731497
A[T>A]A	0.00311681459969613	0.00130864934669069	0.00395984045519409	0.0109943289839809	0.0293089101258712	0.00451525174335276	0.00849600435451523	0.0068562888388559	0.0058333958524266	0.0126651777768613
A[T>A]C	0.00632391758089104	0.000732418262450671	0.00772202329267379	0.0014532714425623	0.00786931974141884	0.00246745310284463	0.0018070373935271	0.00415184955538383	0.00949792537230876	0.00815279811648864
A[T>A]G	0.00562077854398979	0.00082973105392534	0.00656600081673467	0.0124023587311747	0.0165316196054922	0.00485375826730724	0.00351553884815143	0.00539954298115974	8.42379587988425e-18	0.00122184112442265
A[T>A]T	0.0119822304718468	0.00235827251120317	0.00968643410141701	0.00572496813281402	0.0259519424046359	0.00286966604760622	0.00862514220026542	0.0107188350534848	0.0213247276550825	0.0135302335953934
C[T>A]A	5.71716229243224e-12	0.00113754128831143	0.0113758626066995	0.0128512002804065	0.0132069446212282	0.00775218961781992	0.00210405545694967	0.0234096850441639	0.0012423752595093	7.37485849266799e-16
C[T>A]C	0.00214389317686031	0.00156374588889161	0.0138234714971105	0.00622636427877754	0.0113634243246334	0.00518090409621914	0.00422599360679345	0.0212962598238677	0.00575471814203516	2.98624366577631e-21
C[T>A]G	0.00160847097490804	0.00117572586179788	0.0144558377999078	0.0235707025705652	0.0134645337014923	0.0129668950212505	0.00480327725174493	0.02112699999507	2.00856441312595e-52	2.87193149961311e-29
C[T>A]T	0.000907299917418588	0.00216662293704228	0.0229223779849133	0.00938482960473363	0.0125797720130313	0.0273587530039627	0.00286255716393357	0.0339011226186479	0.000918592713570466	6.64309829329129e-46
G[T>A]A	0.000551908062037807	0.000531548156147572	0.00641812474014949	0.0110470749530755	0.00667397622308797	0.00546156767733149	0.00415716971139493	0.00156492886608826	0.00132511497078559	0.000988940365287056
G[T>A]C	0.00322455867994944	0.000305690028910582	0.00565682408755559	0.00245149263447325	0.00148331478489187	0.00502190585733383	0.00279623987799302	0.00157849906805629	0.00513887147484616	0.00257408548280578
G[T>A]G	0.0019175850434948	0.00069562363052229	0.00710848992328268	0.0143156750591957	0.00835017569069976	0.00538365722039904	0.00500031081498338	0.00170153508234574	0.00201652037827469	1.91058025332228e-40
G[T>A]T	0.00231462538648093	0.000959444939021031	0.0112777062636255	0.00688641763649935	0.00642819298111423	0.00898338794342091	0.00229721364487503	0.00160009811016485	0.00244135427125666	0.00646956815962954
T[T>A]A	0.00757117944077595	0.00189844373744122	0.0194139656068969	0.0111526936439768	0.0215157162569251	0.0045819767003065	0.00990950490268713	0.0118118754059217	0.0098414646066468	0.00744296352039902
T[T>A]C	0.00317992443654156	0.000866629791096514	0.0119048694996138	0.00278487264896041	0.00980438277638356	1.19394738779202e-15	0.00391601522237493	0.00475198209582506	0.00168247456279145	0.00488520198489573
T[T>A]G	0.00178234240055503	0.000566764506601322	0.00848155320878671	0.00839555404217765	0.0114047209883676	0.00277623120884954	0.00417911874942227	0.00481963070480045	6.12720889683233e-88	1.40270409506456e-34
T[T>A]T	0.0067890431356552	0.00243173752686579	0.0261237634144216	0.00794151949478124	0.0206184237788421	0.0113702208995095	0.00975364783354665	0.0102179116240765	0.0141228500266514	0.0225879009582955
A[T>C]A	0.0116206060131134	0.00308097839906882	1.42802646765854e-13	0.0188432922894312	0.0955406353027413	0.0373283670775309	0.0147439016796844	0.011643463453914	0.0415249841276692	0.108302670561334
A[T>C]C	0.00876685527495798	0.000928357557581315	0.00645044985152907	0.00269850576701575	0.0116342324844725	0.00937020617672459	0.00238889697312952	0.00263502409568904	0.0117088993058463	0.0666563065451912
A[T>C]G	0.0104807111633633	0.00164908636510313	0.0166956710370313	0.0178582125835747	0.0258208565875068	0.0143242440707071	0.0073699453716972	0.00169646186910619	0.0366703001042659	0.0107801713690613
A[T>C]T	0.0175789164377606	0.0035533046799996	0.013856578728894	0.00400177110130908	0.0537033172273927	0.0212303503958786	0.0129114051578224	0.00398589035319421	0.010928371980061	0.179693898575341
C[T>C]A	0.00444456227826357	0.001044296512558	0.0105837248974148	0.0156272037091513	0.0149384832091636	0.00775722568622529	0.00670237708847066	0.00696935634198977	0.0239874960085239	0.000345515427268205
C[T>C]C	0.00752246785275773	0.00167435369423761	0.0120710066265839	0.00187159354243701	0.00928841476070952	0.0161379614482794	0.00549309258596791	0.00301370696514596	0.0143761584757225	0.00158037775535548
C[T>C]G	0.00823342238278671	0.000993327054887088	0.0140463461736178	0.0121339965417889	0.00920472683438761	0.0165104035266915	0.00495012880159625	0.00831504008565534	0.0353789933911592	1.20864679864834e-24
C[T>C]T	0.00448215615613901	0.00125801565568579	0.0166246968888237	0.00352196240561922	0.018112666527751	0.0410281917382384	0.0078475311410512	0.014570245113999	0.024011355751447	1.76683044325564e-05
G[T>C]A	0.012066898462081	0.00232930304066135	0.0112116834802129	0.0142787077127208	0.0195698308914206	0.00240228977285423	0.00476320188308811	0.00185673965947775	0.0472060822637912	0.00787319367222571
G[T>C]C	0.00989543046677904	0.00148808731785037	0.0068714810419138	0.000794611429940878	0.00724683470408471	0.00694078091547441	0.00340686492770577	0.0113185119056452	0.0144601967210736	0.00658936956123205
G[T>C]G	0.0127267347091284	0.00165856967641576	0.0106647212847437	0.0104528954116702	0.0104590587726441	0.0105982343592741	0.00267592808194514	0.0010624205018547	0.0355747014874719	3.49895890636402e-06
G[T>C]T	0.0153911798940328	0.00227359421142132	0.0105814136201606	0.00565483788353428	0.0237239726739808	0.00190103657430803	0.00880728699114262	2.53025069276185e-10	0.0253739865744962	0.0272170452232473
T[T>C]A	0.00924389950279465	0.00202300984180158	0.0122963071561956	0.0107184991668326	0.0214832136424027	0.0140377953720114	0.00778049833443462	0.00211898291266839	0.0339789680764766	0.0251222578253538
T[T>C]C	0.0112472067004275	0.00167137534325294	0.0138384923410584	0.000484063535179699	0.0154428623293939	0.00556486800165196	0.00715732465241263	0.00052507897902655	0.0240472466113328	0.0150462022682794
T[T>C]G	0.0110916522735289	0.00136888634793759	0.00947152526937877	0.0102975360759102	0.0122517044563945	0.00808735931651415	0.00231254569391123	0.00171934075604761	0.0185039598800636	7.44900163964814e-06
T[T>C]T	0.01547704680415	0.00208398745400222	0.0160888821127268	0.00237223384907908	0.0264964052435378	0.0108190731741543	0.0124818895828645	0.00702066974255141	0.0503994290011621	0.137561819725493
A[T>G]A	0.00233377041884611	0.000853687342565719	0.00299331923476924	0.00178733774131354	0.0098635151197594	0.00374559490923328	0.00125850420209869	0.00293196348788564	0.000565617016842707	0.00497414126464854
A[T>G]C	0.00208574245519344	0.000203507353952981	0.00227716811559567	0.00055011653731641	0.00208583577363158	0.00135593904433103	0.000628703747361204	0.00204320485971086	0.00164726405530084	0.00293197142573201
A[T>G]G	0.00310509787347779	0.000575704502043142	0.00672320979756093	0.00218575281249781	0.00471290832627225	0.00313782847068679	0.00326262165934886	0.00354316588962955	0.000218013689885899	0.000109206788785465
A[T>G]T	0.0048700397100854	0.000843230389455111	0.00634946902537715	0.000918636404052685	0.00460624982839069	0.0203827253109461	0.00552509211553842	0.00297934810575893	0.00223289941811549	0.0052040395115423
C[T>G]A	0.00193750611711233	0.000117762217461402	0.00442432971946588	0.00203378797609071	0.00388841712706086	0.0043595835675201	0.00115606468500091	0.00234799289292529	0.000926957004207072	0.00103964822176227
C[T>G]C	0.00190042522676029	0.000543192074665097	0.00563535590677827	0.00039835012938013	0.00356575066354829	0.0117177667575212	0.00115246306548583	0.00308101346197646	0.00461486387210361	0.000732992019823498
C[T>G]G	0.00412532341234429	0.00035801130670893	0.00804358686978126	0.00453797670935695	0.00458683474169729	0.0104900823492617	0.00292969699595804	0.00359408750278851	0.00563389290481947	3.03110962923988e-14
C[T>G]T	1.0503878967423e-12	0.000951359664780215	0.0139554293690426	3.57268835497445e-06	0.00264756025936163	0.141953756714963	0.00304574385750889	0.00202321708878915	0.00467387660641563	2.23149405029467e-05
G[T>G]A	0.00168699992249474	0.000162716778287202	0.0050642606695113	0.00161790640472658	0.00339438043579162	0.00146007908906455	0.000335789864040923	0.00221598334480807	0.000151562504646866	0.00410952131763256
G[T>G]C	0.00132909354814983	9.02836332024302e-05	0.00209512871454408	3.39797024616178e-17	0.00148502522408907	0.00257177220230314	0.000945032559639777	0.00333006104197633	0.001087390774206	0.00357098008028003
G[T>G]G	0.00525428533398492	0.000405897795851978	0.00557537025570939	0.00438336610590559	0.00399791621658014	0.00614346731621173	0.00149778560083834	0.00334479290049633	0.00112081673486096	0.000884112416363603
G[T>G]T	0.00195290525759641	0.000368129188674515	0.00637036339053308	5.8635532536662e-06	0.00305991710043418	0.0340476274316067	0.00164730272402203	0.00438111931202447	0.00822442795163156	0.0154732548386572
T[T>G]A	0.00227488787083523	0.000965215287225564	0.00782052029936765	0.00165749066894117	0.00705688787235893	0.0132500616582532	0.00276485418443103	0.00204590499983852	0.000932491399364653	0.0193341959558361
T[T>G]C	0.00399483962485228	0.00032451141552389	0.00485528200453621	0.00113358531637938	0.00242656723951617	0.00370768962414693	0.0026877372488337	0.003850636542711	0.000660548447759046	0.0157449616498703
T[T>G]G	0.0039887799810807	0.000493959387298004	0.0124881389977079	0.00185260101015794	0.00716078983425833	0.00499921301882354	0.0047222907247315	0.00237519487641841	0.00405724185416408	0.00388578957650473
T[T>G]T	0.00848838284577196	0.00274072458750455	0.0168216509681392	0.00161399805330777	0.00617558094596886	0.0458546768206981	0.0117285136746732	0.00878612792954427	0.0197561515223874	0.11530949784675
