SBS1	SBS3	SBS2.13	SBS5	SBS8	SBS17	SBS18	SBS31	SBS35
A[C>A]A	0.0267668131651012	0.0137247854782971	0.00371867494592871	0.020108010387386	0.0379731310719127	0.00519398696895681	0.0275494150971198	0.00573845263702266	0.0178005498210089
A[C>A]C	0.0130809522213839	0.0104072702098401	0.00187903722634739	0.0122571938593359	0.0317358402145015	0.00777594869338403	0.0136313780089395	0.0139573107005774	0.0290999288534187
A[C>A]G	0.00425392675735506	0.00209351817382954	0.00055054652765741	0.00286073266321811	0.00355835942783084	0.000437840942428992	0.00728012097652518	0.000225420711266252	0.00220043406461226
A[C>A]T	0.0137491071737786	0.0108375403389217	0.00331197538750639	0.011250328749969	0.0350180239496419	0.00596720639019629	0.0227179951972937	0.00245516370448991	0.0178938903550285
C[C>A]A	0.0210451438925238	0.0109836232540509	0.00397256451262201	0.00884028722407455	0.0305446190368067	0.0061756792203575	0.0326468075001232	0.0184824770575806	0.0235582386104387
C[C>A]C	0.00786394493482328	0.013131274819078	0.00227031787053954	0.0031649877424099	0.030402575284745	0.00333452157669451	0.0175609420796961	0.0236601840196339	0.0232738227366715
C[C>A]G	0.00399222934103186	0.00203101292269636	0.000692840458749695	0.00176147434824186	0.0028438596395756	0.000602274152959165	0.00795899522432722	0.00237521323028262	0.00356660083477435
C[C>A]T	0.0191255545826914	0.00907354151165006	0.00388891848961648	0.00653214347131724	0.026158486218883	0.00470107149520049	0.0330363595085832	0.0745793185352108	0.0284360311119242
G[C>A]A	0.0316949899611589	0.00121545466466325	0.00373438325462784	0.0089094906200369	0.0147982945315582	0.0101922644772263	0.0359010654454692	0.00651058895577881	0.031353737257156
G[C>A]C	0.00822509788162107	0.00500239634863413	0.00167986492157757	0.0050180513649279	0.0121053713668769	0.00986004193022579	0.00612069227962078	0.0212527552139385	0.0385331004782983
G[C>A]G	0.00337108031213948	0.00118115123207436	0.000744034662744846	0.00279598934748776	0.00190092250960286	1.75586544443491e-07	0.00522235371392171	0.000502145350436024	0.00202067543571501
G[C>A]T	0.0198044469394897	0.00430051882514425	0.00234900284395485	0.00387648938223104	0.0166905374525738	0.00424392458683426	0.0256898076744551	0.00410176954821131	0.0262236607175904
T[C>A]A	0.0337931674891828	0.0066766360874353	0.0276918219706199	0.0112912828339597	0.0197753812943166	0.00612684424644556	0.0406249855939317	0.00605592265686985	0.0186580965519648
T[C>A]C	0.0177602557461842	0.0104022095117509	0.0124171163180871	0.0111421763293489	0.0227647199413894	0.00373082472465507	0.0306198529043252	0.0058314728516372	0.0145114797588728
T[C>A]G	0.00575105818883455	0.000871389653826941	0.00255114949697825	0.0023752280053372	0.00183083392152823	1.82641458072705e-08	0.00548085000351023	0.000232245156708701	0.00119731760723097
T[C>A]T	0.0581150582905294	0.00381631832544816	0.01837315835183	0.0150804416127838	0.0258508447436951	0.00868066240672169	0.065205248140117	0.00609243399948919	0.0258479451684829
A[C>G]A	0.00201647329521483	0.0253440973403085	0.00384833520305465	0.00682248939464179	0.0132908871829065	0.00135078237162552	0.0134502417371834	0.00228489687472791	0.00505296291298119
A[C>G]C	0.0013322826635064	0.0141478641121141	0.00192048379382231	0.00325486231288284	0.00658297880815346	0.00150059803350938	0.00947215053705875	0.00143984344259449	0.00416360147577699
A[C>G]G	0.00430201714409134	0.00648218466410077	0.00109181270330843	0.00297537380392411	0.000475776035463037	0.000413315012514831	0.0206716557241295	3.02668378040562e-13	2.56413821208017e-21
A[C>G]T	0.00282352101913452	0.0264692577622933	0.00489350365578149	0.00628641267549213	0.0117018771706305	0.00445052634293744	0.0112137270684373	0.00279494139032161	0.00789256366357228
C[C>G]A	0.000588577977223687	0.0170900628649752	0.00453575315554444	0.00225946963660203	0.00887029932333316	0.00117154622787953	0.00409666320450855	0.000391856499558366	0.00478273152860316
C[C>G]C	0.000382421852273668	0.0152244783325054	0.00160167948367747	0.00281020834821371	0.0089403889293326	0.0014026683893994	0.00442229714077358	0.0021801043444333	0.00163135972003924
C[C>G]G	0.00499693178453829	0.00498278428549071	0.00131382565890227	0.00158638526902577	0.00111771555100385	0.000137998513902981	0.0157258821596251	0.000324523816159847	2.56413821208017e-21
C[C>G]T	0.00184571341269561	0.0256057376352957	0.00530526008290302	0.00307378715869596	0.0117409481675913	0.00171829384234585	0.00909934986251208	0.00381120757734164	0.00549169880306549
G[C>G]A	1.94896792489629e-05	0.0127641456020101	0.00145945351823354	0.00167034804201974	0.00501051590612149	0.00160661821873329	0.00292157148234801	0.000396118357345643	0.00538660797529846
G[C>G]C	0.000761967416715755	0.0095839008356204	0.00148561455028524	0.0023599483342457	0.00152476490293282	0.00762938395244187	0.00167773061777523	0.00225795334579504	0.0219303428501761
G[C>G]G	0.00165050192202461	0.00395495573710893	0.000507556910630083	0.000680485169552282	0.000705967544821511	0.000162425382497327	0.00599111582389887	2.59239674396088e-08	2.56413821208017e-21
G[C>G]T	0.00168838711662354	0.0176966047806366	0.00395008700055887	0.00109629134695555	0.00670748047093782	0.00649428414031591	0.00445746292620578	0.000143753438849777	0.0179057126337154
T[C>G]A	2.66457590278113e-10	0.0260315285009057	0.164632774925578	2.29682040851601e-08	7.22838824967888e-05	0.00282590099902972	0.00622343740926751	0.000172811745721816	0.00259530864268329
T[C>G]C	0.000882003544181571	0.0225525959563483	0.0358282295848303	0.00243486766798795	0.00855763341333766	0.00198703296302767	0.00560173674870471	0.00242745700111916	0.00264989317616821
T[C>G]G	0.00278506836223846	0.00377381692422062	0.00693305244933893	0.00189539776517026	2.04021395424605e-07	2.3144849591178e-21	0.00806408882364191	4.01899196771017e-06	2.21965199581149e-11
T[C>G]T	0.00427231368964554	0.0448737263148599	0.192524497582357	0.00352255398509735	0.00895633814587491	0.0108796457821709	0.019580275066122	0.00596148616984031	0.0171189386270085
A[C>T]A	0.016442264878476	0.0145999879865881	0.00609915479911741	0.0293702943969424	0.0238291313840855	0.00502170211930699	0.0235098994857327	0.0119165731237912	0.0128557572949459
A[C>T]C	0.00979905475920125	0.00802598881505961	0.0024177363645326	0.0146192272513008	0.0115701890565258	0.00260362168917559	0.00818302825027904	0.00813958020498379	0.00758629652237089
A[C>T]G	0.105543006707764	0.00599375941671293	0.0130499556640718	0.0664027559443513	0.0042443025846973	0.0230846511949111	0.0246769292380507	0.0245836769018483	0.00754538265571564
A[C>T]T	0.0118620901863597	0.0144901081113646	0.00351076335782018	0.0205712423534938	0.0253559527336511	0.00339092187858869	0.0163193747669793	0.0059924101912775	0.0107869723304946
C[C>T]A	0.0127538274842938	0.0109212689970468	0.00922891638056686	0.0216922787549249	0.011726069493149	0.00825922886795548	0.00953677465362465	0.0207710116451042	0.0123776497084278
C[C>T]C	0.0117042488043255	0.00749336258677768	0.00459004538790369	0.016221887403229	0.00407262317307421	0.00513546941420928	0.000858588918735443	0.193982216476795	0.037899476682068
C[C>T]G	0.061658690860261	0.00629960399224891	0.00963328650802978	0.0416923397846866	0.00200445427272858	0.0128556281261107	0.0272340056416812	0.0220355210092678	0.00797218552950654
C[C>T]T	0.0146946685946722	0.0125806367029621	0.00705794294319923	0.0209922564159407	0.0196043876084868	0.00807806534597942	0.0085620382170527	0.154339204910816	0.0366904895717386
G[C>T]A	0.0129672242753978	0.0111467000409962	0.00599239200869566	0.01546434552132	0.0113851730622678	0.010466418198521	0.0105746511515359	0.0135059103518142	0.0285155712021788
G[C>T]C	0.0132894274690651	0.00822765053563226	0.00402687967128861	0.0169904045914488	0.0106946311175571	0.00592495837713721	0.00847709236638509	0.0148066076598041	0.0211358117089048
G[C>T]G	0.0730312825465378	0.00481677020735685	0.0102827142505304	0.0451967727252092	0.00311547585192972	0.0169025258404443	0.0223217361380815	0.0160711501814688	0.00886941830840033
G[C>T]T	0.0131356473609861	0.00820434314938838	0.00408551487199363	0.0178190709980427	0.0150341114467779	0.00499572710439759	0.0126573660211247	0.00896031855014885	0.0197146656347789
T[C>T]A	0.0150794326170442	6.53831546383059e-06	0.168207666775496	0.0233934069438795	0.00929626958738528	0.030770397962223	0.00433596723551817	0.00259008561364123	0.0230624445543521
T[C>T]C	0.0161005599240014	0.00462202327768949	0.0349946556186583	0.0271802961423285	0.0136047934586328	0.0177176064180212	0.0082912343868345	0.0206482586394967	0.0102698499430746
T[C>T]G	0.0452983789751443	0.00111031801350564	0.0225598246834439	0.029313193881608	0.000693491213632984	0.0127302107716839	0.0149333806244352	0.0112886646430899	0.00420045215881125
T[C>T]T	0.0189425822397464	0.00339762415081086	0.0823877990580684	0.0291982074120401	0.0149093890147906	0.0267283323278951	0.00995739688842127	0.015266566954205	0.0229413318572362
A[T>A]A	0.00672403816679195	0.00593735832468379	0.00153883976958006	0.013127610009358	0.0107998872356669	0.0070353809625208	0.00800359102820942	0.00689842186329938	0.0073723225796718
A[T>A]C	0.0043805876462692	0.00450294231873765	0.00136193277236154	0.00739535339497644	0.0103120901516833	0.00524221179017224	0.00546028443956285	0.00132693540587148	0.00928244234684987
A[T>A]G	0.00171303008533841	0.00777290251045865	0.00178879935041357	0.00938476968443679	0.0155536896945583	0.00324652424090076	0.00865639266515958	0.00332312988865238	0.00666211298105609
A[T>A]T	0.0198321245928768	0.0067413424292859	0.0033209382550149	0.0169757324898346	0.018259557757318	0.00859694514303534	0.0143248974147881	0.00454843715938989	0.0114217851378449
C[T>A]A	0.000482039204422348	0.00597696692422705	0.00109616041842796	0.00387825345460134	0.0114936331014474	0.00369762329271717	0.00385405784515248	0.0190159053329122	0.025366118570399
C[T>A]C	0.00142005867922592	0.00799511066615623	0.000722319596369978	0.002695373440462	0.0198059593332075	0.00826856691604967	0.0060545242903793	0.0126292657871789	0.0188845558823614
C[T>A]G	0.000147139861472266	0.00935400599023096	0.00135151346759038	0.00402984082787792	0.0150798176242611	0.00638413314069516	0.00310428177128135	0.0206945546084177	0.0328650566216978
C[T>A]T	2.08539894050121e-10	0.00905901241431742	0.00134386076794665	0.00626384413038139	0.0259533455140634	0.0277914187267247	0.00175317454838327	0.0377938102780226	0.035109660089684
G[T>A]A	0.00124864828727858	0.00528204953204013	8.49025079413675e-05	0.00369074026738874	0.00854007738846607	0.00152297926922355	0.00380551575998112	0.00160133839926756	0.00579172224539154
G[T>A]C	0.00129525744348344	0.00500949774091316	0.000650208035456889	0.00106749727651429	0.00834102557955152	0.00206209787540973	0.00368092124126619	0.000926482660546107	0.00666019593870336
G[T>A]G	0.00202188980210358	0.00611090221061222	0.000759050861254245	0.00294357220760901	0.0119268779291288	0.00154604120207283	0.00751421327689134	0.00229679389894731	0.0072285685852032
G[T>A]T	0.00124776016084228	0.00801415154648129	0.000531665667016268	0.00348236200681519	0.0198995736471032	0.00497941834989923	0.00575786221824979	0.00066900781086691	0.00677279320777815
T[T>A]A	0.0223704625678595	0.00836304833839474	0.003263779381811	0.0123133810720105	0.0109037757455176	0.0104749616300881	0.0132648635056867	0.00679234718380794	0.00809461676913189
T[T>A]C	0.000556990471026111	0.00807339488328236	0.00046995419572378	0.00434873471802969	0.0131676071299669	0.00326677017025607	0.007241354019393	2.04506067353747e-21	0.008486942144014
T[T>A]G	0.0013205379170598	0.00574479493692581	0.000942060910028572	0.00418702913924481	0.00825470431362222	0.00233256566263907	0.00335301901973114	0.00219338950488951	0.00583909692113161
T[T>A]T	0.010892933173078	0.0118195792839137	0.0028717217277106	0.0132514655205806	0.0275461165800398	0.017461731455437	0.00658030659981674	0.00548099361432011	0.0122807048880789
A[T>C]A	0.013640632102214	0.0239726297535194	0.00509161152116343	0.0324923834076081	0.0104339324848995	0.00683541322837816	0.0137666832730956	0.00949091930275107	0.0069159394337431
A[T>C]C	0.00505229172086436	0.0129384418453499	0.00222840499172104	0.0102339556423092	0.00767326824100413	0.00345880496216565	0.00426310426942591	0.00246175642324312	0.00221840715655799
A[T>C]G	0.00725931617590729	0.0191803344136261	0.00233691350071948	0.020325885823898	0.00872203871851009	0.00330815622043605	0.0129526051362058	0.0051698296595981	0.00229156542899559
A[T>C]T	0.00896755333726348	0.0253287976210558	0.00555366877603586	0.0338606697589711	0.0131254698437269	0.00628279036885966	0.0153790960828805	0.00989959917942952	0.00676923037708557
C[T>C]A	0.00560504247598467	0.0138450921115046	0.0023476557737321	0.00996356917748928	0.00423876058915136	0.00580481494502397	0.00500170700084248	0.00404503588662384	0.00662419663316641
C[T>C]C	0.00375212918916124	0.0183695791079538	0.0027318345842825	0.00629547569723847	0.0117150785212237	0.0174582174856989	0.00403009721662453	0.00599641821173235	0.00583240869280097
C[T>C]G	0.0046796971384862	0.0133434988797163	0.0021072574686977	0.0102660823580447	0.00493297599031551	0.0121679283918331	0.00643451603383417	0.00340769013421964	0.00396184286802302
C[T>C]T	0.00551981374485123	0.0156151843014885	0.00367661368871485	0.0102540821831226	0.00728593153666396	0.0591073516391158	0.00443629124338292	0.0108703976167173	0.00620291280942288
G[T>C]A	0.00699619675042458	0.0131927953529845	0.00277902986630101	0.0124530871123558	0.00442655050743743	0.00284832740675643	0.00403766309340184	0.00428940903963586	0.00383815644175556
G[T>C]C	0.00469668215522358	0.00849334495792314	0.00185220607153811	0.00787039043018675	0.00409063536945767	0.00606987288024527	0.000148788370998095	0.0061972370673239	0.00588471553817126
G[T>C]G	0.00571054733418583	0.0115715952393617	0.00167343738966049	0.00931928956203751	0.00442397595761236	0.00428146265085508	0.00423567280735233	0.00248081724242784	0.00111352880820109
G[T>C]T	0.00514603123678844	0.0148718199322954	0.00262774551786386	0.0170539566151991	0.00576448482921132	0.00763864708563585	0.00563006566442665	0.006372855749017	0.00130964721692303
T[T>C]A	0.0102569139586903	0.0185483357397876	0.00312100648463645	0.0121501428734967	0.00527155468045654	0.00658022492881438	0.00584931886856433	0.00268333788334258	0.00446371131283235
T[T>C]C	0.00879299558607726	0.0163037879120461	0.00262132032892928	0.0101179332661647	0.00707131789232669	0.00743481850160606	0.00806847784585625	0.00296328560190957	0.00354763000986027
T[T>C]G	0.00394784044019854	0.00998918289094428	0.00129761738163898	0.00851193592740848	0.00259383903377099	0.00343869057067075	0.00395438849610023	0.00232992142585441	0.00110535699740123
T[T>C]T	0.0115011159407316	0.0195833259668387	0.00289829731902347	0.0185580435036119	0.00770377729014428	0.0123848683215709	0.00645047093329096	0.00593084535238481	0.00401524858718859
A[T>G]A	0.00356410455721111	0.00818660336946735	0.00196121449781008	0.00461463909814877	0.00230749608813865	0.00452364918542363	0.00497800798869494	0.00375461932481644	0.00294569654229125
A[T>G]C	0.00173387709522318	0.00325843520460272	0.000324172052042971	0.00200928209678112	0.00163251072417392	0.00382040650120968	0.00203434709948211	0.000125911075240231	0.00200972341385992
A[T>G]G	0.000578290054762888	0.00923739706626492	0.00116310854968685	0.00414102459466014	0.00837473096427254	0.0022520810998171	0.00824469660927308	0.000809293755115068	0.00384145010840712
A[T>G]T	0.00519861425384827	0.00669527903466224	0.00167301043281288	0.00494643846261295	0.00232754691289761	0.0299068864917952	0.00604829623680749	0.00113830364916834	0.00241973801444829
C[T>G]A	0.00184387099109796	0.00521229626058857	0.000963651054393379	0.00272817356088109	0.00218507569316411	0.00305627803838172	0.00188709724211302	0.000906265483659082	0.00230728373118074
C[T>G]C	0.00107276503964486	0.00641972012272465	0.000806065355307851	0.0016582706808683	0.00405498633427933	0.0143222131518989	0.00206049657920983	0.000545543614206254	0.00145733092331098
C[T>G]G	0.00176830194229914	0.0118554010550784	0.00128970627890508	0.00248811674403443	0.0074986818387463	0.00724355826856828	0.00600744644994554	0.00135560396429249	0.00390395984680253
C[T>G]T	0.00156552203581664	0.00358792934346947	0.00294758692697288	0.00162061761766019	0.00177547635176648	0.206462527409685	0.00422205091547139	0.0012071889807657	0.00484310832989063
G[T>G]A	0.00129744090063384	0.0052187920607887	0.000731212040937852	0.00209083681992685	0.00267068395473821	0.000821268217180411	0.00248355938479233	0.000252454979047407	0.000894347922831237
G[T>G]C	0.000866565923792039	0.00312795644863827	0.000418923994511362	0.0012777158063576	0.00160538756070834	0.0037817903413623	0.000122745504853305	0.00112080867408395	0.00460356783835158
G[T>G]G	0.000805250837414334	0.0103296772262183	0.00174634413691426	0.00286042926035734	0.00852374575187357	0.003295475830913	0.00303807821634105	0.00108692282764653	0.0049868810397202
G[T>G]T	0.00258207478412417	0.00708408779431787	0.00114976180908914	0.00208698386549057	0.00375409730206293	0.0438304167744842	0.00259411257662622	0.00220621970825952	0.00277406466231881
T[T>G]A	0.00269972061137808	0.0105845290985267	0.00195064277442341	0.00476182858173672	0.00247000872754797	0.00502042890726902	0.00460273255876852	0.00276376123183702	0.0039528551892826
T[T>G]C	0.00186175327376975	0.007327848680072	0.000566485944041569	0.00292825783003549	0.00345824916752452	0.00507138429956368	0.000672351287908177	0.000900227180478894	0.000904582645033919
T[T>G]G	0.00294058978023954	0.0116451065676879	0.00142470793641771	0.00473989629212263	0.00707746019799385	0.00318323375999939	0.00381352063259055	0.00261070469631486	0.00415776789764629
T[T>G]T	0.0114000746571031	0.0150610672840958	0.00405850202481669	0.010173853367539	0.00562422709745381	0.0689788708350726	0.00979653507228434	0.00689437137573374	0.00658346161601944
