SBS1	SBS2.13	SBS3.8	SBS4	SBS17	SBS18	SBS28	SBS44	SBS93
A[C>A]A	0.0145177914914116	0.00718132897949536	0.0233507769198133	0.0489933105122059	0.00284614250483129	0.0476601023540935	0.002528782722424	0.00587799764258499	0.0111091337993257
A[C>A]C	0.0104813054263651	0.00318967635426373	0.021596026932837	0.0270552181686772	0.00159887934860562	0.0168078854034041	0.00229900841193329	0.00193121058758828	0.00605945827225165
A[C>A]G	0.00148512821040522	0.000498099070004306	0.00288159154357418	0.0134186103772257	0.000179449529015402	0.00281950866910512	0.000356381926911329	7.09124202239436e-41	0.00139243114106381
A[C>A]T	0.00680014653247552	0.00269355870741144	0.0227978525085958	0.0289487909191241	0.00127679478754691	0.0209787397417645	0.00271432178331122	0.00638654404369556	0.00946724137050538
C[C>A]A	0.00717359599759318	0.00788087691991543	0.0174201210666537	0.0693867405888907	0.00214358126143295	0.035473773397948	0.00160009587304283	0.0148039301141705	0.00677623859572928
C[C>A]C	0.00408208600947041	0.00327669048013543	0.0175071458138144	0.0591325952728025	0.00127457643296524	0.0120598422167714	0.00109827146536536	0.0217726396260315	0.00664063272002478
C[C>A]G	0.00161044236733993	0.000810458474945574	0.00307758126927475	0.0177726850997625	0.000305306237984857	0.00443188350634311	0.000178400726844828	0.00335813891788265	0.00113914677220495
C[C>A]T	0.00823100920582534	0.00672848132925672	0.0134881616017373	0.0567842354949835	0.000233994177793831	0.0336156930360711	0.00529376223208998	0.068102191067243	0.0084907845414953
G[C>A]A	0.0159070017005902	0.0107674440101339	0.00723839577765449	0.0296410177502052	0.0037853106919914	0.0825159909371304	0.000456528144836689	0.00342945038164524	0.0103878888047629
G[C>A]C	0.0068614580943294	0.00212405016678103	0.0127493346491884	0.0288324434425746	0.00135220474999872	0.016952336757254	0.00107443310447879	0.00448279425001871	0.00814140136565119
G[C>A]G	0.00222263917771195	0.00121887821969367	0.00190882768411281	0.0114596291262192	0.000191282404046734	0.00477379817887189	0.000128716117864923	0.000432339345625613	0.000801079780519256
G[C>A]T	0.00937584568912997	0.00658755413089517	0.0068169320644696	0.0182720931415622	0.0014178658926118	0.0468478733418316	0.0020743657145145	0.0146081942522386	0.00708903177367027
T[C>A]A	0.0152163944986205	0.0237732017189966	0.00859671990828502	0.0380071186842995	0.00268787082094249	0.0625979551855843	0.00192042553976344	2.79294959182727e-10	0.0116647539395712
T[C>A]C	0.0101340939095692	0.0120687559381724	0.0159888973737543	0.0423026098236933	0.00210259500676426	0.0333547959271892	0.00149607800247417	0.00315133391320955	0.00766778663135989
T[C>A]G	0.00267684755795974	0.00245631261835363	0.00171860440666225	0.00786769140354083	0.000354860874100449	0.00718449989166831	0.000321152492592525	7.03101900304727e-05	0.000227223290095195
T[C>A]T	0.0281164056669807	0.0245257602655211	0.0087107142719051	0.0361822950463367	0.00420975067007355	0.114337543606722	0.00603502475699035	0.00830087637665953	0.016072895733399
A[C>G]A	0.00396018080114717	0.0047882477937263	0.0148345550540478	0.00987181845618174	0.00105336363166873	0.00527598162892186	0.000933782983271222	0.00200625136050631	0.00807749566109336
A[C>G]C	0.00264851330677186	0.00167115913495263	0.00913461161665583	0.00401726062587873	0.000808586372303402	0.00230626744029662	0.000330833196848992	0.00119672960822426	0.00595579602644044
A[C>G]G	0.000293791638003749	0.000977019212339251	0.00455441396227116	0.00177044279544743	7.80455653365086e-05	0.00131155266220392	0.000469291429510169	2.93010262295406e-153	0.00122033734228353
A[C>G]T	0.00273790963696684	0.00385391409755992	0.01539711634589	0.00623676339450338	0.00202726963115144	0.00317058535586262	3.57119367587255e-07	0.00186178011418335	0.0217670700779505
C[C>G]A	0.00071889982137282	0.00310978942554505	0.011349797960076	0.00773375124788582	0.000485695844883617	0.00258901641606082	0.000999548537711702	0.000169697759895667	0.00327054517798957
C[C>G]C	0.00110018535586128	0.00153602631772402	0.010290189091358	0.00668342839062688	0.000332247864295101	0.00180059194619909	0.00105449039548383	0.000666581337713235	0.00413821538389843
C[C>G]G	0.0003455722762193	0.00103656805191209	0.00343214357475478	0.00313337333068943	2.80723861387995e-05	0.000768612790404299	0.000269914051046057	7.37529017311801e-101	0.000205620008282922
C[C>G]T	0.00115382032239009	0.00443167610292512	0.0152099942944203	0.00633301012430915	0.00133771014866448	0.00297023656271646	0.000287032534253475	0.000815997489594833	0.00782472581889213
G[C>G]A	0.00107987909502687	0.0016867432718188	0.00687731514478885	0.00543873890078449	0.000395577231915028	0.00229518446006247	0.000519799937180154	0.000599488161346369	0.00253354052784659
G[C>G]C	0.00129022812493569	0.00160230520838132	0.00828884947596327	0.00416952677938459	0.000823980777893595	0.00159596298975858	0.000449895504292992	0.00169958369705867	0.00690845952387515
G[C>G]G	0.000303139486885391	0.000199975962063385	0.00188632350154036	0.00303730905596213	0.000165790403089967	0.000372321143883738	5.5704520019294e-05	2.60709666747547e-09	0.000274007724870728
G[C>G]T	0.00102368073497672	0.00284305253035108	0.0105427579955097	0.00338714032789965	0.00102717801246179	0.00331639724195967	0.000702104846709126	0.00198962266328231	0.006643083004569
T[C>G]A	0.00184276925053679	0.111492190299424	0.00789003445234828	0.00206190029357724	0.00214699489971536	0.0012816115620063	0.000390657887625082	0.00327028142653038	0.00542835377468811
T[C>G]C	0.000958269515442191	0.0239768240438758	0.0152204314353644	0.00668492538632293	0.00124304875545582	0.00344704000911201	0.00101289497691032	0.00148376044808333	0.00480269247187189
T[C>G]G	0.000421320528407047	0.00668433184252883	0.00216616387407124	0.000743401454497237	0.000217859974845763	0.000304728735210959	0.000144691294543105	5.78137819083744e-06	0.000891193979602347
T[C>G]T	0.00420783313370897	0.125886567049636	0.0259946694609916	2.44400796845735e-05	0.00466969242233535	0.00416167454166265	0.000474944406383962	0.00657964821685754	0.0323974797061748
A[C>T]A	0.0238643446203931	0.00671019227756192	0.0259808712099643	0.0143934454973423	0.00166394074004923	0.016907991162749	0.0076851796720058	0.0624368151737438	0.00173556206777521
A[C>T]C	0.0137342854564912	0.0024983448195928	0.0131450964565755	0.00584083236633601	0.00109723715430992	0.00797355311481226	0.00295039731259752	0.0110042322936353	0.00212505762306289
A[C>T]G	0.12203625950069	0.0158075439622746	0.00751995281843287	2.2004727346443e-69	0.00406810312200401	0.0306321899454007	0.000689530244827783	0.00650874504923068	0.00951670188936783
A[C>T]T	0.0172272203249898	0.0034346046652271	0.0233017643634168	0.0066920589208184	0.00162280977488583	0.0135427212462383	0.0036907720552471	0.00769606614272516	0.00700096590674416
C[C>T]A	0.0176649798974704	0.01112935220907	0.0221514546230685	0.0178439571518448	0.00232944167761645	0.0127934084200455	0.00395345754717524	0.00405162333117245	0.00372616719711764
C[C>T]C	0.0165103487575563	0.00516617301826225	0.0206416291593303	0.0134244762133182	0.0027322005848635	0.0112444578983141	0.00177853627838257	0.00930485990602561	0.011252596142337
C[C>T]G	0.0851047102662064	0.0106556631144971	0.00699163612123204	0.0019492930041188	0.0036464165742787	0.0241460307706735	0.00118765665850631	0.00832434049025228	0.00650923606459861
C[C>T]T	0.017160845303495	0.00843261634965799	0.0270441616932062	0.0195324340262748	0.00241638187258087	0.0132630568461359	0.00354244156827194	0.00779719200278083	0.0153231581380226
G[C>T]A	0.0169792346933391	0.0071956514926443	0.017984197634628	0.00579784981898284	0.00170044314920779	0.0123461312513405	0.00372212173762347	0.029762243393218	0.0101945736959337
G[C>T]C	0.019419279610155	0.0038350794682855	0.0141282657499074	0.0041450937444344	0.00217924487806452	0.00904310778235853	0.00187679090391765	0.0460743011483151	0.00313719072724793
G[C>T]G	0.107255784178059	0.0153948627136716	0.0046082377335052	5.0689845514374e-62	0.00424646125579757	0.0275015319821533	0.00120695372801442	0.0552453951110917	0.00332473994733195
G[C>T]T	0.0184293276048966	0.00585444752923126	0.0154395176330561	0.005508775477337	0.00175809282542472	0.00967264075218414	0.00150505748007512	0.0255558465633821	0.00746332141579138
T[C>T]A	0.00380397794848448	0.201512437422754	0.00114302545133093	0.0130706654943404	0.00195867677113927	0.00152773207174535	0.00319276711644854	0.00129877133467932	0.000887079037030822
T[C>T]C	0.016325005153872	0.0506617844766821	0.0188167145317279	0.00987187067508059	0.00259499244098524	0.0101280318078228	0.00499827631884141	0.00578946791760024	0.00154771508658548
T[C>T]G	0.0541954536400869	0.0288430538182469	0.000747498110367266	7.13085344977653e-42	0.00229032278302881	0.0132548457705946	0.000121364404120317	7.25327443170738e-40	0.00179390476696318
T[C>T]T	0.0192332883902519	0.113612826744668	0.0123769963829229	0.0121108554181377	0.00267055507576155	0.00571157747803045	0.0063351775522284	0.00487547041528556	0.00486541994033297
A[T>A]A	0.00788117214534232	0.00272923804562577	0.0116939106215493	0.0109724941793619	0.00119061999670496	0.00459284465537408	0.00174747769013906	0.0126214015108105	0.0125774167968859
A[T>A]C	0.00717207255340179	0.00148040761979896	0.00947716720610422	0.00258764662602009	0.00158827131316622	0.00464211688127279	0.00266348309402358	0.0113440313360828	0.00458233401686596
A[T>A]G	0.00517108253645633	0.000788155553493145	0.0120656468521297	0.0110455503407625	0.000889291939645728	0.00438187006165701	0.00140155690119832	0.00232571257863806	0.00477000354436358
A[T>A]T	0.0199212339449014	0.00405034237722021	0.0120139486358267	0.00566747380896018	0.0039903388888946	0.0159292159395445	0.0110014054256034	0.0175461825870022	0.00474394639818362
C[T>A]A	0.00186696848373191	0.00138888102028655	0.0118728449113477	0.0153821680417683	0.00100548068994479	0.00158301337177024	0.002039285278646	0.0024376052998816	0.0159228710582454
C[T>A]C	0.00172894744876541	0.00098725932927681	0.0136601790367917	0.00934566506912093	0.0105282879082801	0.00350498713993252	0.0130789278396336	0.00506743701514163	0.0122259571595916
C[T>A]G	0.0019413465879967	0.00210569664119262	0.0148945361055148	0.0288117499695507	0.00329940802012998	0.00197284785805622	0.0072585553822211	0.00225090730201473	0.005118422064149
C[T>A]T	0.00108415700596236	0.00177129440604813	0.0210875660438156	0.0141217068643337	0.036333401272442	0.00122045178876403	0.0227532862059785	0.00579572563487546	0.0388788466658756
G[T>A]A	0.0015643298187505	0.0015647867099107	0.00646731033009148	0.010649236504381	0.0003392555164502	0.00158679998623529	0.00104007530853421	0.00289094024042952	0.00530494483678276
G[T>A]C	0.00250988287398618	0.00127110409500546	0.00599025654161283	0.00267814636121608	0.00267691754019069	0.0018111081936122	0.00364585632749462	0.00563875724108341	0.00334505129515734
G[T>A]G	0.00182656013006936	0.000645537815889937	0.00857038613071737	0.0120147384922066	0.000902154691266378	0.00228698402745262	0.00190864235865486	0.00488878257855159	0.00318929150278356
G[T>A]T	0.00199725287165934	0.00109863057573235	0.0114980614985359	0.00538286367176347	0.00659828578149339	0.00484851344788216	0.00734454563139043	0.00327585647121172	0.00295455585706808
T[T>A]A	0.0195332719957547	0.00413168341448679	0.0113661375161877	0.0112260970256469	0.00326723577192232	0.0113901705416572	0.0038668684541953	0.00615861871250247	0.0221569352827032
T[T>A]C	0.00349322895940803	0.00162681782637345	0.00960565025387362	0.00418311290365895	0.00213289522752778	0.00220487020377225	0.00564946613544874	0.00283118052237554	0.00680999600329982
T[T>A]G	0.00184650089690616	0.00127335193845899	0.00670708058060617	0.00999632840431332	0.000941301327108646	0.00157339227362873	0.00237737264568513	0.00165084965157546	0.0072367014542771
T[T>A]T	0.010221312238709	0.00203553166259886	0.0169963027169168	0.00766563827441158	0.00991163961023284	0.00655497110361242	0.01594070406604	0.0177154264471517	0.0214194680759116
A[T>C]A	0.017243919017546	0.00571907333705954	0.0209566637911535	0.0153224934629595	0.00216562152904219	0.00830117417789176	0.00719606296662099	0.029073687426408	0.0298070306107822
A[T>C]C	0.0075177595717799	0.00281927726430828	0.00983732540330795	0.00139918627561733	0.00236393774601278	0.0034185166847611	0.00913288152536583	0.00661986348197399	0.00289649512638286
A[T>C]G	0.00871165848906784	0.00388862660267161	0.013698297447614	0.009636382486425	0.000718696300153936	0.00448409454937703	0.00748865264920206	0.0242707125113782	0.0059892521715978
A[T>C]T	0.0142267184576012	0.00558601589196171	0.0203731256613437	0.00438762775382818	0.00392404944975094	0.0085140817767804	0.0114786162785771	0.0108623419725163	0.00656438865733254
C[T>C]A	0.00417877282408679	0.00228720882385566	0.00810636748752129	0.00895069338870877	0.00429432192687744	0.0026523261561956	0.0155115356627783	0.0141711837852912	0.039134630610267
C[T>C]C	0.00285176819001379	0.0040978351765235	0.0105095329436656	0.00199893669780498	0.032287754849046	0.0053322441674298	0.0537093136950074	0.00351988189741398	0.0135362765637084
C[T>C]G	0.00469356333868729	0.00344543118998544	0.0081165052084686	0.00748341889802395	0.0163089207737739	0.00542566568498429	0.0448512720697787	0.0178949678073555	0.00174360779287682
C[T>C]T	0.00394435860238459	0.000931578171145294	0.0128347503529579	0.00539349387263234	0.128181908036503	0.0117121952160048	0.0977631221242499	0.0189027959194495	0.00639741123041461
G[T>C]A	0.0116134282406967	0.00351930196086621	0.00895876635767153	0.00612888368689007	0.000994972811539803	0.0049003878135829	0.00597978276025089	0.0459888926907787	0.0131754164317462
G[T>C]C	0.00800578129580977	0.00196050511619056	0.00610536609870117	0.000852850979239409	0.00624407292643752	0.00358613334640839	0.0125045069116707	0.0149089862202896	0.00460832619167735
G[T>C]G	0.0066953113942538	0.00178141617843404	0.00711429103424807	0.00382741197212323	0.00406596017738208	0.0043701207651404	0.0132581835765975	0.0332782530982238	0.000723448853127325
G[T>C]T	0.0105012903745628	0.00388565103709458	0.0123402624979992	0.00241329627766568	0.0101857234734344	0.00580873480301428	0.013859679409385	0.0283383222533447	0.00470935471540391
T[T>C]A	0.00763240599753186	0.00246668444994972	0.00480503466367618	0.00693147707307194	0.00545553128918052	0.00265054046454403	0.00267889770138333	0.024835278061768	0.0941640304551446
T[T>C]C	0.00996217282099656	0.00205356135949511	0.00708303168804482	0.00151895692243124	0.00497419347950015	0.00404571461209462	0.0208213076766973	0.0191406681353073	0.0138257471546529
T[T>C]G	0.0058620564551552	0.00218695501044448	0.00306522879919399	0.0032756080728372	0.0023430981137164	0.00348662637913195	0.0131845218904746	0.0154597783056666	0.0145844035394533
T[T>C]T	0.0163946755410811	0.00262079497010429	0.0114704781086958	0.00263580888076936	0.0118034482300071	0.00952350095421597	0.0291565638108331	0.0454269116723058	0.0077179757269775
A[T>G]A	0.0027781946076653	0.000862664563429393	0.003455325952089	0.00191527197889078	0.00226101750626261	0.000623545751552162	0.000920297743319507	2.79826308145911e-34	0.0257874597474358
A[T>G]C	0.00170286002782768	0.000225836759969798	0.00152152584887	0.000310672446045857	0.00282163668686739	0.000503838335919424	0.00727151129662224	0.000734318748717838	0.00237197756633879
A[T>G]G	0.000629811137840773	0.00191161274601864	0.00794506452283712	0.000694177731234754	0.000937502290581172	0.00200394126070977	0.00460140955434162	0.0016379614958727	0.0045769063527924
A[T>G]T	0.00154781405097252	0.000323889112485345	0.00348982833025356	0.000554921890239169	0.0424651706144974	0.00520585928064389	0.0716047137689837	4.43049843579729e-27	0.00868778310018464
C[T>G]A	0.00104333682098158	0.000751529887331308	0.00374064981143098	0.000492646088546921	0.00182357076604416	0.00213386164951844	0.00405953579537559	3.64063356903118e-56	0.0123996611840833
C[T>G]C	3.95772014612124e-05	0.00195599757067446	0.00511331589001139	4.87218282092999e-227	0.0193990773728991	0.00218299825106751	0.0137854319682055	0.00466641664831857	0.00573530421456862
C[T>G]G	0.00167608539765994	0.00339335605184298	0.00899872688216394	0.00244867642251731	0.00715932535282159	0.0030657422431893	0.01246158642245	0.00603292908049423	0.00428192392795961
C[T>G]T	0.00280666661490002	0.00243671628588049	7.14741290252954e-05	0.00372510660419682	0.350164390600026	0.00793115495850391	0.121193817563773	0.0246612077454614	0.0466803807720207
G[T>G]A	0.000528903261934697	0.000157771433055524	0.00382388518340413	0.000432455942028463	0.000756725263700577	0.000834008355216989	0.00138595280724105	0.000721417091926177	0.00424576623345229
G[T>G]C	0.000216286387483227	0.000568507336748386	0.00284821762629955	3.74058795154383e-73	0.00439734024136406	0.000876345236298672	0.00393858654740138	0.00136133438631974	0.00500247039182596
G[T>G]G	0.00195416744400022	0.000307210606485154	0.00868629354898495	0.001927417438667	0.00203458716751339	0.00123252653965455	0.00418188483589401	0.00227245558789456	0.00187477286859237
G[T>G]T	0.00284575640461509	0.000481215489396239	0.00434094537042952	0.00052741207688679	0.0753104216370684	0.002501006038246	0.0495532859358889	0.0142458483144442	0.0103642270205524
T[T>G]A	0.00132245880900658	0.0012811636604176	0.00282536931660403	0.00166546468218606	0.00336826859399102	4.74349225519478e-09	0.00110837239584329	1.0032393760969e-53	0.0524072359310629
T[T>G]C	0.000794854076642039	0.00112614696080603	0.00332728400782086	0.000768898237364562	0.00431989278859292	0.00036484788757523	0.0109404744921971	0.000938099567304181	0.0127340740546636
T[T>G]G	0.00342998428278339	0.00223933299646476	0.0080245993127124	0.00198806163017242	0.00240495227884401	0.00288754810391743	0.00800622678201881	0.00327770962075608	0.0119368735510007
T[T>G]T	0.00896575246030184	0.00147626115643871	0.00150741103612158	0.00309575028841369	0.0766922242383091	0.0102875604000385	0.136586329421806	0.0175398338140696	0.0442295108515737
