SBS1	SBS2.13	SBS3.8	SBS4	SBS5	SBS17	SBS18	SBS44
A[C>A]A	0.0184042454905195	0.00606021872609085	0.0298282503650469	0.0542819735858832	0.0130598327414794	0.0107238449823429	0.0428068058796547	0.00139476408778308
A[C>A]C	0.0139430408607641	0.00419809547373365	0.0207103529573204	0.0317223588517408	0.0127650319068137	0.00628440269122051	0.0177018635568962	0.000979889334727685
A[C>A]G	7.54342413729415e-55	0.00119075729194757	0.00239590723072317	0.0141120800260181	0.00119648992082725	0.000854373012113184	0.000623241413073105	0.000148308977520639
A[C>A]T	0.00933255847535993	0.00359550841558438	0.0220583858383678	0.0377475376276834	0.00820240296705768	0.00827007664408216	0.0229149056492485	0.00458811040866446
C[C>A]A	0.00516009260683502	0.00674264057948259	0.0211723031560106	0.0763026100845449	0.00263729503505305	0.00950910991341404	0.0285793098485324	0.0103709991471372
C[C>A]C	0.00199121604523448	0.00488840140854453	0.0200232605184319	0.0682641173409951	0.00269220343229152	0.00463993548985339	0.00276723378411043	0.0175027514476796
C[C>A]G	1.90182117751744e-16	0.00122411190960111	0.00118577039357526	0.0176156988377139	0.000480984868802316	0.000587696469573801	0.00390740441068668	0.00329426096044096
C[C>A]T	2.03129606694656e-45	0.00641310515379624	0.0151142258162338	0.0661294832874886	0.00571530858071924	0.00889288136359313	0.0187835113981528	0.0505840683254935
G[C>A]A	0.0216417845440269	0.00530548873108122	0.0153160547411534	0.0369930351761713	0.00965481176451479	0.00750392515233897	0.0507666018014705	2.6562452361035e-44
G[C>A]C	0.00247797963090926	0.00342543678797649	0.0109965782470314	0.0318365901769766	0.00550408190542317	0.00315729403032473	0.00928963441418975	0.00325688862520724
G[C>A]G	0.00132149739327253	0.00104518560717458	0.000688203153303396	0.0117100548458259	0.00118756668843198	9.0957690115507e-05	0.00338881282189535	0.000620934162494448
G[C>A]T	0.00956247600769526	0.00331004119798168	0.0110258947853733	0.025738611719385	0.00773458660377396	0.00559556297595949	0.0287020447549114	0.0099910578541265
T[C>A]A	0.0183114498056577	0.024560371943623	0.0163129033518044	0.0453845558341773	0.00844029866069624	0.00855145345879505	0.0520021517322369	5.0044434613387e-16
T[C>A]C	0.00832081239761898	0.0131374014243498	0.0198468566359186	0.0486081118578625	0.00958888933039175	0.00538839987155015	0.0235721932950471	0.0013974098609934
T[C>A]G	0.00119615321669643	0.00202636433740203	0.000606254262129348	0.00789752346872758	0.00150099182161088	0.000572205229829539	0.00691047541779005	4.25083290820744e-32
T[C>A]T	0.028150319182368	0.0164255441985699	0.0229743862806659	0.0509711829004681	0.0189031260204216	0.0136654945957938	0.0741709703535004	0.0113263858367634
A[C>G]A	0.00301875309312443	0.00295498036086897	0.0193698726938364	0.00997909501784543	0.00258002141512269	0.00532807350959581	0.00838428572226983	0.00276928590428669
A[C>G]C	0.00196824302135581	0.00118156721629193	0.00977446630149944	0.00374359786838202	0.00372727427750691	0.0023420710092062	0.00605273554978491	0.000323850031511376
A[C>G]G	0.00100039104584938	0.000263493361848553	0.00464870067910878	0.00178359022050276	0.000327027704781187	0.00115244431282856	0.00345732227368733	0.000126832210339564
A[C>G]T	0.0030598230180653	0.00301093227026504	0.0179320353422938	0.00539468991361724	0.00515499903575023	0.00509292493786516	0.00996141703764528	0.00178064879929646
C[C>G]A	0.00157035333406926	0.0034287258280819	0.013382598414527	0.00850095988545968	0.00136349683066741	0.00235084798235326	0.00368286983841913	0.000295004482694252
C[C>G]C	0.00203843347135386	0.00152969887248444	0.011455486797511	0.00681895815168483	0.00225453131703083	0.00249526533181544	0.00674951781055377	0.000154821585757619
C[C>G]G	0.00120114244222459	0.000466880437882628	0.00391403608287401	0.00286710180105652	0.000198170262809576	0.000919937077531341	0.00345943556875049	0.000108605939640971
C[C>G]T	0.00373854334853007	0.00384609873639156	0.0167569544061484	0.00687128772920143	0.00578108844409846	0.00433774185641047	0.00969448051899789	1.51574377984012e-84
G[C>G]A	5.30564386760118e-59	0.00127432192946016	0.00915643524000169	0.00610305394896169	0.000960739762005935	0.00197344550092378	0.00204398989923643	0.000758812802231449
G[C>G]C	0.00124767272384967	0.00165509112624556	0.00890801940205616	0.00490966564375759	0.00251239388101353	0.00196831202223648	0.00197311847452628	0.0014724073981964
G[C>G]G	9.51202322851214e-05	0.000182983172570448	0.00205044427578061	0.00277696402809226	0.000212405638131481	0.000554155696331521	0.000108019550598561	0.000202844831909484
G[C>G]T	0.00207690399463223	0.00193754672133616	0.0116120354897197	0.00408114356350556	0.00337973079580424	0.00291517784034567	0.00493613188371843	0.000649844202561674
T[C>G]A	0.00154300895385679	0.120820918912903	0.0106278103428025	0.00399427536799148	0.000495236343100136	0.00375415848722087	0.0119079002094691	0.00233800108524879
T[C>G]C	0.00135846783455477	0.0249463925688787	0.0151941504794907	0.00605554435144029	0.00506104837796616	0.00292804956967448	0.0107230258591127	1.65479679418823e-31
T[C>G]G	0.00144927191552129	0.0054348506607216	0.00224094414939128	0.0015364626429275	0.000400727132961179	0.000630811643694586	0.00155912654352121	0.000137519921822568
T[C>G]T	0.00385267715656381	0.13542212245021	0.0241308744803315	0.00488039153887512	0.0113197281950292	0.00775525514305319	0.0243253245628895	0.00241640274892241
A[C>T]A	0.0164969151784529	0.00917546689602593	0.0157124113107199	0.011609815295409	0.0269150255851829	0.00973535100303594	0.0229751619037661	0.0538176670838108
A[C>T]C	0.00683679644358896	0.00381922275354579	0.00746006045726708	0.00516239539376349	0.0153900194874653	0.00397068082872356	0.0143130085409626	0.012444367878852
A[C>T]G	0.147772439252144	0.00297681952873236	0.00137659194618625	0.00214027421495775	0.0792896339330721	0.00556312997572491	0.00402744679076067	0.0369579807873626
A[C>T]T	0.0116411946929072	0.00435288665153372	0.0153330913371913	0.00607878609790691	0.0175834179955697	0.00608588677146329	0.0196766222609532	0.0126972452677023
C[C>T]A	0.0106554706843882	0.0139432231622016	0.0148764948376232	0.0142050683766546	0.020593419882046	0.00853543624220071	0.011231328885272	0.00470716403610682
C[C>T]C	0.0103830849242711	0.00646821272807548	0.0111188014330286	0.00832513664821817	0.017182486919055	0.0051787857922516	0.00952325379252886	0.0094242540388245
C[C>T]G	0.0886149573645215	0.00338838481336555	0.00168994734330597	0.00292655777504494	0.0455043134450164	0.00409100300984523	0.00027628336610448	0.0247726599540128
C[C>T]T	0.0181297750160774	0.00893313630298884	0.0204679492195304	0.0146934063303181	0.0199163092079923	0.00589227204770884	0.0105244149978937	0.00878533472307736
G[C>T]A	1.58312478333778e-35	0.00811097857723094	0.0100523913347764	0.00458918433696398	0.0244258474111857	0.00520882469604776	0.0184744563321749	0.0391450701660608
G[C>T]C	0.00327727067367675	0.00446249374401801	0.00510536961401876	0.00385670952112057	0.0247564248465851	0.00435471657538749	0.0129361167176362	0.0522843982868401
G[C>T]G	0.109706028018344	0.00298169130966768	7.88781236145358e-05	0.00130029517411756	0.059579748929081	0.00394377976696505	0.00219488413666591	0.0902758278727604
G[C>T]T	0.00968158637377029	0.00534449912985966	0.00802725619461345	0.00518122634178066	0.0223731636142083	0.00450353190659789	0.0130523474680889	0.034657942436938
T[C>T]A	0.0137045789051953	0.236523182521874	0.000962674987228614	0.000658173154586533	0.0123963008946923	0.0108864271095101	0.00481105763911202	0.007655301990624
T[C>T]C	0.0072472728359487	0.0503742890014049	0.0124211076060712	0.00650184906965581	0.0287394541453148	0.0097734400120526	0.0118091117304027	0.00830855807633121
T[C>T]G	0.0644290352028651	0.0228535292855411	3.20713108534763e-09	0.000556487263157319	0.032576610983786	0.00345968130919408	3.58334119297114e-06	0.0137711901431577
T[C>T]T	0.0154830733015447	0.12407692874602	0.0128015456610624	0.00680687954695389	0.0198776789871048	0.010542562574472	0.00577288938227696	0.0102910224791348
A[T>A]A	0.0112326306046642	0.00304732956991525	0.0148344609919634	0.00947156039995646	0.0103388838707377	0.00383204040462361	0.0122638743773333	0.00935527168592564
A[T>A]C	0.00618457566411887	0.00197040537410307	0.00666309516536313	0.00299692988337866	0.0134842110935857	0.00336893112058975	0.00552146685156395	0.00771789450707074
A[T>A]G	0.00478788040443869	0.00260164773119902	0.0111038156934186	0.0113550416065102	0.00952896668845202	0.00249595353128832	0.0065442494189132	0.00052834122301052
A[T>A]T	0.0200022448454715	0.00305042685371495	0.0122537205251001	0.00491307624424692	0.0194193307669983	0.00793478105454541	0.0141070600006473	0.0260396370495934
C[T>A]A	0.00600909625104693	0.00232119262316071	0.0134643529449966	0.0132772237920574	0.000864060452702616	0.00318476380052441	0.0066489680203465	0.00205815600309611
C[T>A]C	0.00538689395540679	0.00182239964171959	0.0118285634661334	0.00894419637028639	0.00498956025609743	0.0101203252279755	0.00796693690479993	0.00420047237142044
C[T>A]G	0.00271626067779629	0.00301579762605081	0.0138879605430286	0.0263088767565245	0.00261402439706212	0.00499885367608823	0.00381009287034005	0.00194161595819947
C[T>A]T	0.00778244326592166	0.00211877295705058	0.0209954653191036	0.0101316195919997	0.00448808349807579	0.0214896684212604	0.0100644921091559	0.00210305118642981
G[T>A]A	0.00285665556124994	0.00133805204179717	0.00803070658752766	0.00862492388745473	0.000697528259541338	0.0018818350501174	0.00429873355833181	0.00195015810374565
G[T>A]C	0.00209817427428897	0.00109221578041499	0.00479783268210866	0.00308677385791451	0.00456079456215491	0.00346250963695947	0.00400604702962637	0.00387832881956445
G[T>A]G	0.00387773567321406	0.00145403736155899	0.00727369868944079	0.0110669841443842	0.0023783349995296	0.00231246227177533	0.00346074941131728	0.00281230144617045
G[T>A]T	0.00631047573640351	0.00129960525713491	0.0109833451154639	0.00452002827446697	0.00425867637290687	0.0059578579095788	0.00763825550791196	0.00292218859554829
T[T>A]A	0.0193650034310042	0.00290122004350977	0.0158028275890567	0.00886814566307229	0.00948897447253914	0.00610949233630367	0.0143938681344631	0.0110069538414758
T[T>A]C	0.00363090233992727	0.00114536944175872	0.00865093139890805	0.00385787242791841	0.0050886765388579	0.00483998162340897	0.0111531119143705	0.00182501946344886
T[T>A]G	0.00284322978908114	0.0014491212414305	0.00767521399592161	0.00878070666010733	0.0024745564917417	0.00241258231431572	0.00458051335131159	0.00129921642994703
T[T>A]T	0.0185104880983964	0.00241289841371172	0.0194299047166802	0.0055902590058331	0.010467735404521	0.0125857609055405	0.0259359163497724	0.0147364872286895
A[T>C]A	0.0161081949880357	0.00506586903002129	0.0196335565952337	0.00957618451579717	0.0255599241542536	0.00986440909199071	0.00903228258865189	0.0280165576876273
A[T>C]C	0.00877977215171936	0.00115437127527454	0.00834490824465128	0.000765715408201848	0.0104955549003234	0.00581521471198085	0.00732611069147087	0.00778539069906613
A[T>C]G	0.00417563602689677	0.00331996317906578	0.0119713131434397	0.00603962298055425	0.0172648958555713	0.00571090996794984	0.00987064133358189	0.025195119053609
A[T>C]T	0.0165269905156629	0.00324817035764214	0.0186208637827425	0.00281128933153335	0.0293636780596943	0.00973180045807983	0.0186072244124081	0.00963996998638687
C[T>C]A	0.00467098550161017	0.00200534930352302	0.0119162311713912	0.00492791029465886	0.00581635654639809	0.00904289739767006	0.00282606778396146	0.0170433398685989
C[T>C]C	0.00496740063915074	0.00118145243883203	0.0113963834692268	0.00126562186084661	0.0080222463994956	0.026884589823706	0.0089477295868893	0.0075910845244386
C[T>C]G	0.0042084974445195	0.00234391882684953	0.00971902620759113	0.00496873016323831	0.00778849425168986	0.0187386530419325	0.00200390554834344	0.0259259339185904
C[T>C]T	0.00823781683966078	0.0021861770978961	0.0130705205681112	0.00193423429181787	0.00647263262739053	0.0672551731213538	0.0070786792319115	0.0176842738892197
G[T>C]A	0.00489135930764834	0.00254448460421928	0.00846522898724755	0.0033677158613178	0.0128675097906465	0.00534050458916718	0.00569641054359578	0.0289222121202382
G[T>C]C	0.00433673573737554	0.00121088663274358	0.00587317216950808	0.000630491771656607	0.0106830106395939	0.00651309698361114	0.00467046084093566	0.0107067383569956
G[T>C]G	0.00290964579741685	0.00196070856317699	0.00592756969426998	0.00201055749543516	0.00984989557365653	0.00590311609131081	0.00362041198755681	0.0250938101202354
G[T>C]T	0.00584505126733807	0.00224847475922834	0.0098336410567468	0.000914592800257475	0.0181780237791192	0.00872808267547312	0.0101221349164282	0.0155147420250016
T[T>C]A	0.00894523591844637	0.00212651486272544	0.0154593495609736	0.00296740833843686	0.0115404577613051	0.00949625465476217	0.00855581893810717	0.0218201119887889
T[T>C]C	0.00634026933980978	0.00123792293871572	0.0111188377491309	0.000560938839460016	0.0116023059389375	0.0120930145130516	0.00946359965743124	0.0164866569368975
T[T>C]G	0.00120078814324072	0.00138735817202721	0.00535121728091903	0.00155768009740381	0.00729703456726373	0.00639942551860642	0.00350536153248415	0.0187661169055257
T[T>C]T	0.0158847040723431	0.00175434305993583	0.0138053443400525	0.000940067313053158	0.0177126665258865	0.0155506670181408	0.0136500988586933	0.0365567008476042
A[T>G]A	0.00428432743915548	0.000894256430874822	0.00833812790069856	0.000883917861184637	0.00438354823098628	0.00458435554768884	0.00476596949804002	0.000333266094607478
A[T>G]C	0.0014895824169899	0.00036477828778931	0.00221083750370698	2.58646743240944e-05	0.00308365914603201	0.00464159374557016	0.00194417458144706	0.000850488360292709
A[T>G]G	0.00383322109225664	0.00052014140951656	0.00656236923050995	0.0012290942770116	0.00400632143632661	0.00311972439259327	0.0065792411025594	0.000603910234546448
A[T>G]T	0.00191735794128643	0.000824772236397553	0.00326428904852149	0.000139536008702905	0.00600683730579885	0.0415975952060178	0.00608846966872013	0.00298870627651709
C[T>G]A	0.0027359069659392	0.000641222683474264	0.00472077726162136	0.000679837819466218	0.00188433245399536	0.00374459352574734	0.00414125052386662	0.000399300083693646
C[T>G]C	0.00128060328376977	0.000585640602481223	0.00353230362492433	0.000432991648363192	0.00327382286165824	0.0155096739666057	0.00274934217740585	0.00285498707620286
C[T>G]G	0.00371081115650532	0.000874903882944082	0.00751667465429581	0.00287795823518206	0.0035283824439159	0.00939721925397216	0.00447460751028729	0.00429235827961351
C[T>G]T	0.000875320636551153	0.00114401131506093	3.47053870963387e-08	0.000860751888773489	0.00208388883240833	0.187184368189052	3.02743055448482e-11	0.00253748980978234
G[T>G]A	0.00169425760835681	0.000343936092691578	0.00361464742549947	0.000572718815914636	0.00131078074448264	0.00167753746884403	0.00301161071079103	0.000367388075623054
G[T>G]C	0.0003828093498027	0.00019698235605071	0.00179477812592379	0.000171967910415899	0.0018777047261557	0.00459730244414154	0.00204178204091567	0.00069830803415125
G[T>G]G	0.00435597807634736	0.000585542962396026	0.00608557021905163	0.00201876933406803	0.00349731607948181	0.00341961444014243	0.00651991715296572	0.00125118705929991
G[T>G]T	0.00351278088498973	0.000714763469263269	0.00289854045263255	0.000367670306533946	0.00339537697064461	0.0476478841826196	0.00357536457083834	0.00637352299333704
T[T>G]A	0.00572191304574613	0.00104872275389107	0.0102130431799996	0.000363991882179798	0.00430798780199578	0.00660971746515837	0.0075081302637803	0.000333011767328275
T[T>G]C	0.00203093164730271	0.000524144004092361	0.00430856604012037	1.99732211023351e-05	0.00424883425318649	0.00976100673316188	0.00436072188421277	0.00055303281567355
T[T>G]G	0.00617740220940364	0.000919601007764308	0.00921845147251223	0.00198086202386791	0.00379830981110823	0.00577265425941019	0.00499894375370127	0.00333183724771224
T[T>G]T	0.0112811118718012	0.00210990047973902	0.00864290278531228	0.000136562327555247	0.0115634334756479	0.0881677551224233	0.0123613711471688	0.0161206567544099
