SBS1	SBS2.13	SBS3	SBS5	SBS6	SBS17	SBS18	SBS26	SBS31	SBS44
A[C>A]A	0.0152151071265416	0.0101386904327235	0.027314075930846	0.0152825453632879	0.00122863706949577	0.00472169336121289	0.0388276342622062	0.000923285419029752	0.00120184814228047	0.00493882379586832
A[C>A]C	0.0119803941457398	0.00595215994108632	0.0244055100410563	0.017033007970618	1.75459644891226e-118	0.00412521100344352	0.0165900623083186	2.83239718682909e-05	0.00941863172210483	1.37018779133054e-106
A[C>A]G	0.00196029149996168	0.000763259089038576	0.00316208779941107	0.00275116627711951	0	9.91604721714763e-05	0.00250882036507001	0.000517267630018667	3.7700697982918e-21	3.7199427425639e-216
A[C>A]T	0.00944223459698871	0.00414821933663629	0.0261276404744841	0.00599172830000676	0.00148994115317877	0.00475846370825021	0.0211589779800639	0.0100456022678056	0.007508038418244	0.0044725627786854
C[C>A]A	0.00659805395744168	0.00811884680924451	0.0225605823156358	0.00833684442608133	0.00642790879736738	0.00461398778908082	0.0275233171016512	0.0173154116654636	0.00610366878598259	0.0129007126041021
C[C>A]C	0.00384631108922567	0.00276302481164992	0.024706003950687	0.0042060149608977	0.0139411535989432	0.00250770761063611	0.0145687124950207	0.0199288106956062	0.0160604195847739	0.024783572016022
C[C>A]G	0.00134085859912917	0.00120016332180563	0.00248474672734855	0.00239504286442617	0.00219091934553613	0.000533686494135993	0.0043087732310102	0.00382370111880375	0.000577499848968398	0.00300077718123672
C[C>A]T	0.00463005874568545	0.00319391349655926	0.0212268055355058	0.00353934080145988	0.0326630421305352	0.00550801835978569	0.0320332686152766	0.0817252592083808	0.023696128498112	0.060819983816906
G[C>A]A	0.00785662519097112	0.00924128733086632	0.00955165462297576	0.012487143966052	0.00117583223560816	0.00301121037092429	0.0454074803942194	0.00155981120610384	0.0115315009217628	0.00952914399219609
G[C>A]C	0.00494586298949702	0.00540251690205572	0.0135389464771401	0.00681766938049049	0.00493845026266675	0.00189028076094496	0.012498101071155	0.00340296015639541	0.0156871336333937	0.00270216543237195
G[C>A]G	0.00191482847716494	0.00090383918087418	0.00152303976105781	0.00222578150839252	0.00078949093586361	8.34883507519088e-05	0.00310981701408452	0.000592569317167993	0.00065655201149901	0.000374399908681644
G[C>A]T	0.00264328531293877	0.00476606679544082	0.0112097284493494	0.00747663854478513	0.0101329799875684	0.00335211945754956	0.0331422561606933	0.015103589673092	0.00730177542202163	0.013104388518938
T[C>A]A	0.00993048883521805	0.0210856554253404	0.0101815416914261	0.010695315619091	2.01908274442969e-49	0.00617963643700404	0.0573023063685964	2.57625495974413e-19	0.0088096220025435	0.00375682808681309
T[C>A]C	0.00743676917125058	0.0145801391959635	0.0160104847428922	0.0159282152273362	0.00199099331569959	0.00325648709772664	0.0286896654324022	0.00317900203154003	0.0121536282093537	0.00494697060595692
T[C>A]G	0.00237114225824901	0.00161158780024416	0.000997689326655354	0.00301680323636889	5.01258430307535e-209	0.000367831526943598	0.00560425273532497	5.88450102026317e-26	0.00233112700110777	0.000848306935931057
T[C>A]T	0.0101383402880378	0.02033933559267	0.00641021676392422	0.0172083726451176	0.00633183137762081	0.0114994506321774	0.102378589349537	0.014547718777899	3.9619725982804e-10	0.0172705123809059
A[C>G]A	0.00325602361410721	0.00832462268812552	0.0175895678356341	0.00324884418971565	0.00324344633217871	0.00107320332885519	0.00413019424525427	0.00129710583627709	0.00531176984532912	0.00439726678834445
A[C>G]C	0.0017410653140402	0.00402016813153208	0.00955768135074974	0.00448099858587876	0.000464594227809206	0.000952826370867936	0.00211557840363834	1.13276970177787e-07	0.0108716354144353	0.000756824212716469
A[C>G]G	0.000328498639620919	0.0011381783132534	0.00324661029880598	0.00121773541474328	0.000110674205995363	0.000376899592793137	0.000350056659900346	3.18420485049478e-09	0.00179090162560524	0.000107959313841376
A[C>G]T	0.00258837695176767	0.00940562836072263	0.0159135709912992	0.00608780698348718	0.000968610403050964	0.00233877307838209	0.00254612008261126	4.0026619562933e-11	0.00981101206658168	0.00185468685454648
C[C>G]A	0.000246003593247098	0.00632746799016135	0.0131759479903512	0.00252877102104377	0.000158373144083436	0.000708313553886651	0.000677831326795204	0.00128424569342489	0.00301140002108973	0.000511696325478271
C[C>G]C	0.00092999812417397	0.00471157980436774	0.0118856977810827	0.0025374711859107	0.000336289129727575	0.00123221040733056	0.000694242184231605	9.06964945197337e-06	0.00318317306417626	0.000727881299368647
C[C>G]G	0.000100734436780311	0.00143946303853986	0.00291033002554923	0.00153084949860049	0.000120821657096678	0.000217319948470015	0.000381042906462019	3.70714458568019e-06	0.00160509901065951	0.000186531725658162
C[C>G]T	0.000671560726442569	0.0104027823351639	0.0179781583972151	0.00419380584255143	9.69973483091112e-226	0.00125572310164351	0.00150098597606165	0.000302123416060402	0.00541896214653755	0.000436526277257565
G[C>G]A	0.000666323919149343	0.00413049503887069	0.0079466949796405	0.0014689682467198	0.000305693266619145	0.000794053391867203	0.00105235642401927	3.38695872277658e-11	0.00328174765532104	0.000533946684170816
G[C>G]C	0.00127846422501987	0.00314628798317956	0.00706232109664539	0.00296589648742863	0.000901433155125309	0.00116072438325133	0.00109004750834671	0.0020976855211045	0.00493270230431967	0.00152972902422355
G[C>G]G	0.00011472380317913	0.000735201948791689	0.00160270021014735	0.000660030011502455	0.000159569364710265	8.61238387610823e-05	0.000238954912509961	7.49156299274033e-05	3.7700697982918e-21	0.000181630218799485
G[C>G]T	0.00143695571556899	0.00572392326684032	0.0122736489660298	0.00204889007417998	0.000414282401923764	0.000602452042133683	0.000922736879555841	0.00124084117913652	0.00275713176840408	0.00110701090735415
T[C>G]A	0.00194392826707685	0.0809782854207558	0.0132190430611151	4.05253783272655e-09	0.000149910417242377	0.00183845862984948	0.00614068063131535	0.000988611862478659	4.48422772457991e-08	0.000605430042402936
T[C>G]C	0.000235776922020871	0.027015865623795	0.0166806936781818	0.00307149809155136	0.000203055768947539	0.000921064658515725	0.000602046171670959	9.30564935497172e-05	0.0035582120239773	0.000732761527013289
T[C>G]G	0.000560760367721439	0.00365577511132922	0.00161044344503369	0.000756489408007198	3.95252516672997e-323	0.000252847013886768	0.000249870448238911	2.61696769037594e-05	1.28357760576802e-08	0
T[C>G]T	0.00507887161203698	0.107804553720116	0.0285811115537855	0.000332186676045992	0.00162817403972038	0.00365263087645408	0.00903508589744656	0.00142584569248984	0.0108995421698035	0.00420949314917914
A[C>T]A	0.0185844001568223	0.00884824600117142	0.0204153774771342	0.0412462061638164	0.0555251343697313	0.00787653343387718	0.0146018308849461	0.00120080098873734	0.0193394234250574	0.0800112757747756
A[C>T]C	0.00954809702635593	0.0043076876374959	0.00845321940431147	0.0247731773198636	0.00799373311584665	0.00295479844573808	0.00566568150957875	0.00359620948612626	0.0133979235900247	0.0109123141637826
A[C>T]G	0.202803590355166	0.0239840926248829	0.00900926702801994	0.0194632083730549	0.0991764585578327	0.0111282410245491	0.0368264985428279	4.08533020044349e-14	0.0426668480395121	0.0348955655817201
A[C>T]T	0.0124734422493702	0.00699200166321011	0.0197233916898308	0.0264822230465942	0.00614913717698437	0.00568623133423972	0.0105252281016766	4.89916157666489e-11	0.0160513707441632	0.0123994063723712
C[C>T]A	0.0081877768186221	0.0122737105688107	0.0131451852927697	0.037336454232449	0.00455748717738134	0.00619603985100889	0.0094829282475125	0.00498536197650788	0.0212681149882733	0.00607588520179997
C[C>T]C	0.00671749278248999	0.00846387260556781	0.00528261400764966	0.0352629178689792	0.00761714830619229	0.0020553556363821	0.00649163382326367	0.00665977149523972	0.0918816179331089	0.00855450373690404
C[C>T]G	0.112193740972459	0.0167461669554633	0.00558648311348578	0.0152425619599164	0.0736433839807457	0.0105462172101683	0.0258958495096573	4.47463936249492e-11	0.0160240932148291	0.0300081968172094
C[C>T]T	0.0106832743435533	0.0119485116399128	0.0181253621383735	0.037108595849698	0.00562947026755448	0.00497442044443779	0.00725073843231812	0.00386264574716218	0.0762430697155132	0.010043508290162
G[C>T]A	0.0107994420331168	0.0106773610502568	0.0109535214662993	0.0317982655834611	0.0285665271132232	0.00476191469412772	0.0139604492793249	0.00172629737046188	0.0139104162285214	0.0472779804280836
G[C>T]C	0.0109272426604063	0.00869683620979694	0.00782499173775584	0.0302727297553451	0.0432852272290477	0.00344482754263592	0.0097573940238756	0.00988423281746249	0.0147900120671868	0.0506838210179046
G[C>T]G	0.143884778358555	0.0195516716978574	0.000837548903277819	0.0223967608854388	0.122425289274246	0.00764865880189217	0.0289454918364186	0.0244514250487476	0.0204026442512428	0.0621094755500025
G[C>T]T	0.0133410797588698	0.00729658764547483	0.00985281038605308	0.026571233781732	0.026448387642953	0.00495013166419448	0.0100109630284849	0.000103986429497362	0.00858770732494708	0.0270680722329082
T[C>T]A	0.00894035997802165	0.125966176464218	0.000295436042480485	0.0321178186427395	0.00351877545338083	0.0143006712740143	0.0230810273008931	0.00408490934669414	0.0129727312636517	0.00747315192227575
T[C>T]C	0.0112829269859947	0.0410224032081968	0.00817678844438596	0.0495463878982713	0.006221679380511	0.00813491586090643	0.0135033983073202	8.39983898223164e-05	0.0171811844966613	0.0102444894998004
T[C>T]G	0.081215950646589	0.020448206922653	0.00215375783364684	0.00849879192292977	0.0382550402499936	0.00466787396546303	0.0175299206114175	2.97898696942919e-24	0.0196876457970236	0.0118584419569425
T[C>T]T	0.0122529838902855	0.0778762003046714	0.00869294104127979	0.04550561406547	0.0069951428545537	0.0138583626131227	0.0229120978819294	0.000347612069426964	0.0248574081635121	0.00841029950524696
A[T>A]A	0.00603611737776857	0.00352588045698978	0.0129367520909292	0.0110124107650158	0.0018882216442165	0.00411925252464085	0.00715347776145364	0.00346842749350979	0.0146618228458546	0.00245804800171265
A[T>A]C	0.00792734201564823	0.00272515704725017	0.0107726851224803	0.0102732942025036	0.00320987119814674	0.00230558297700728	0.0074391280485063	0.00209007486555714	0.00383092604439008	0.003415672954475
A[T>A]G	0.00604168037469788	0.00206373885645936	0.0144279936087521	0.00802885655478851	2.81648532898214e-164	0.00275891264647676	0.00392822715483219	8.33078354875153e-07	0.00723855813501654	6.05995003952521e-21
A[T>A]T	0.0133468622622934	0.00529590327420035	0.0127532874950616	0.0157602365842878	0.0165514555792	0.00978596213685783	0.0270895208708123	0.0149300360849968	0.0167339560810736	0.0227569837433579
C[T>A]A	0.00193329215558468	0.00297655724322269	0.012121869131105	0.00251587776208406	0.000403526616065668	0.00258248636523272	0.00385946418159724	1.64001212198393e-14	0.0126976683824748	0.00051589478581064
C[T>A]C	0.00344090197688704	0.0031209757893935	0.017457376466297	0.00220303442106522	0.00381853718250558	0.0116529327504285	0.00604072409430013	0.00199733162566737	0.00710384915699072	0.00592507146442984
C[T>A]G	0.00227886108018669	0.00620585522952738	0.0173658211094245	0.00407608495399366	3.42283748320542e-24	0.00435761861069115	0.004098962756204	3.42449197411663e-19	0.0119344756775496	1.57527280351053e-92
C[T>A]T	0.00341322553741483	0.00495519766388396	0.0248797038669626	0.00162493294925464	0.00250437748852668	0.0302742749839215	0.00892835859836946	1.83586237809402e-15	0.0164680307882253	6.86686994072026e-06
G[T>A]A	0.00191045058641496	0.00101891556486051	0.00874639845444022	0.00243130342457003	0.000599854995258311	0.00154776967084581	0.00197478163319525	8.3409865350006e-11	0.00174691793840409	0.000639194401129818
G[T>A]C	0.00227286281804933	0.00159898424760811	0.00617540373071465	0.00233171773344138	0.00248567251256073	0.00245790364638628	0.00314727843818784	0.00274290462555188	0.00088755180783276	0.00250447898476396
G[T>A]G	0.00201156805930078	0.00232185100348716	0.00910895225789549	0.00487554739774656	0.00287042899780974	0.00264594819667788	0.00208172832269277	0.000776022847391353	0.00445305431576767	0.0028940892911293
G[T>A]T	0.00423251630802377	0.00144303819244768	0.0156045904231625	0.0024090256683727	0.00165208269362989	0.00682937093308482	0.00628375033658066	0.0020647054926322	0.00241312414101632	0.00258691391224447
T[T>A]A	0.0127029217704838	0.00864680577366871	0.00707852479863979	0.0101831521148262	0.00924241100382857	0.00686374497600266	0.0223520850161371	6.57636853231589e-27	0.0112773423111683	0.0142862017961966
T[T>A]C	0.00287464928641185	0.00192860040525285	0.0112996665102892	0.00520164049473964	0.000267971057895381	0.00360436988378397	0.00437694554632408	2.84328562998911e-12	0.00281598619729894	0.00048154815937669
T[T>A]G	0.000771131200543521	0.00364182977933663	0.00818732356276732	0.00260222360927742	0.000705648864462987	0.00226048228875551	0.00306296273176306	1.50031516402342e-15	0.0107706790905651	0.000334376261103363
T[T>A]T	0.00844769362206104	0.00542764908943482	0.0230262018944469	0.00810317999205918	0.0208768143182317	0.0163849037997612	0.0146868945540913	0.00184413844627582	0.0148713544483891	0.0227576622217274
A[T>C]A	0.0136518146820553	0.0123884486097401	0.0173099874638158	0.0254908802928356	0.0228943251447588	0.00583526758025518	0.0146652791330615	0.0651058360936858	0.0185826116841708	0.0275919839487207
A[T>C]C	0.00504790081503845	0.00266062260075579	0.0104928949551023	0.00788734506232487	0.00700916220225058	0.00486455441686345	0.00386163864393741	0.0248725398372189	0.00498282277039295	0.00743897188253584
A[T>C]G	0.00763037894654815	0.00733142916074778	0.0131878441196795	0.0175385987459187	0.0171273034017456	0.00472493490239357	0.0052205470921082	0.063192163663314	0.00599948912172106	0.0239665150612238
A[T>C]T	0.0133667725372969	0.012125710196877	0.0191634390361032	0.0252353394943283	0.00554109695559253	0.00728168830893385	0.00721738289354439	0.0305896369014092	0.0116683928646349	0.00347532775255551
C[T>C]A	0.00196859058304904	0.00614713496534401	0.00837366871744155	0.00922222497060201	0.00980376535738286	0.00779829224329241	0.00579788762611403	0.0527981166428184	0.00607170845570156	0.0146464924042557
C[T>C]C	0.00407892731110715	0.00393077935174859	0.0149119143483567	0.00400680467583207	0.00738844021222276	0.0303356178269481	0.00435598756151364	0.0338984813859845	0.00873568245436706	0.00752604158551537
C[T>C]G	0.00170606737465721	0.00589858442331866	0.00876116654954362	0.00728488086804204	0.0166760633866706	0.0229476411141166	0.00227983805508815	0.0684818638815918	0.00633050350580556	0.0277370134918168
C[T>C]T	0.00305684068685422	0.00588587599297689	0.0101113044815289	0.00349586670147543	0.0174906206279669	0.089081868021139	0.00373092469534129	0.0551657680269582	0.0366879160441772	0.0131933848569408
G[T>C]A	0.00643898457410127	0.00656899441046868	0.00651909830714854	0.015316563364294	0.018438579553352	0.00381954711011465	0.00673030250207807	0.0608536540476304	0.00842926441785501	0.0222255987413793
G[T>C]C	0.00672723208680232	0.00303773634495516	0.00501198311578775	0.00960271587182543	0.009419033146873	0.00607786010910058	0.00309743708376932	0.0190310141680277	0.00457353595559053	0.00962879497028878
G[T>C]G	0.00393500865021115	0.00313253217658391	0.00623526455263578	0.0087505605009459	0.0166826796933783	0.00642848859655786	0.00378622477577593	0.046717567111777	0.00638594452597947	0.0188407708351903
G[T>C]T	0.00739672133467152	0.00631005970294709	0.00800987812314279	0.0191189963625632	0.010078902550346	0.0104949186361726	0.00282744198529592	0.0395649687841654	0.00869502878228288	0.00983448725457829
T[T>C]A	0.00464878869883986	0.00787444631609523	0.00767178773382144	0.0149268972979112	0.009504253162656	0.00678707912572862	0.0117282682715732	0.0387419457734672	0.00970899330032872	0.0183204369159883
T[T>C]C	0.00584423337248752	0.00363821856913505	0.00769994967260843	0.0081876425992767	0.0171847207934658	0.00957984164724148	0.00645595744597734	0.0223963801345193	0.00480700782667932	0.0181082009982395
T[T>C]G	0.00195341638472108	0.00228350862002087	0.00443730301393472	0.00851977873358905	0.00777054302224964	0.00611022526046901	0.00605885984723395	0.0301853717277278	0.00540444822546766	0.0161927975286516
T[T>C]T	0.00944901823082904	0.00577409957890342	0.00876556535449685	0.0148784009392453	0.0556621817593869	0.0181589062148223	0.0116474265409537	0.0448318692391136	0.0132952968405043	0.036268656023796
A[T>G]A	0.00157524911269521	0.00308164779511064	0.00408436120202205	0.00481502765432771	9.36449342365427e-91	0.0026578941331142	0.00290862177621665	3.14701797463969e-33	0.0106718923138547	1.19185024435321e-24
A[T>G]C	0.00113787945891578	0.00164364769600903	0.00166332072757956	0.00292789139983744	0.000828327112216881	0.00387558650710272	0.000325533542759237	0.000247490262165349	0.00151084873259596	1.03649049919437e-195
A[T>G]G	0.00164987016013404	0.00303773703264831	0.00811996011633489	0.0023614487528969	0.000472940854218711	0.00284282664553806	0.000511664884915477	0.0014126143096816	0.00330842280921529	0.000350252493113845
A[T>G]T	0.00261701348122896	0.00228711471397064	0.00545336911447616	0.00604230805506085	2.88378030062631e-37	0.0412924522477352	0.00171595406263975	0.00582047622311665	0.00623973286120107	0.000783735754937795
C[T>G]A	0.000524854908433492	0.00294913920150039	0.00291789634672204	0.0021251502880543	0.000148948522034718	0.00391840685612488	0.0018323621863997	8.05929525313317e-21	0.00146926172305619	0.000498601392808512
C[T>G]C	0.00124994697567179	0.00176695527025494	0.00558615358125402	0.00263954373638997	0.00340744011362393	0.0138781108954288	0.00086855625706488	0.00617831673060543	0.000185217664313667	0.00408962733190029
C[T>G]G	0.000780063928273099	0.00415937145204505	0.00924709756834522	0.0020719992519976	0.00383850782133347	0.0085231067154845	0.0015553249483104	0.00802884925748263	0.00139138731566469	0.00410815395488704
C[T>G]T	0.00186304419666637	0.00231664504333989	0.000838591139242851	6.24902452108638e-06	0.00744084129028294	0.219617553578722	0.00820254819403896	0.00594733910089532	1.77264388039401e-13	0.00135752805416513
G[T>G]A	0.000604230100698259	0.00143553760606685	0.00356566746959197	0.00151528016147317	0.000263677289338679	0.00116999930075032	0.00060710931392606	0.000118394923016792	0.0020289091113067	0.00021681032324553
G[T>G]C	0.000508676461869124	0.00166836102411575	0.00253373350518018	0.00193884352302213	0.00117636378934265	0.00340842536415564	0.000497921682160631	1.57111807066506e-11	0.00149525066078562	0.000275996682961584
G[T>G]G	0.000904433257636758	0.00338497264301876	0.0094791051918805	0.0016264913906788	0.00241959944599401	0.00302248941606581	0.00251739718128131	1.26850303297781e-16	0.00425628305969369	0.00139824446106326
G[T>G]T	0.00129942946806162	0.00320473408534038	0.00342331346608922	0.00312260361368312	0.00807344425942154	0.0514511023577708	0.00201501528077076	0.00338080838240398	0.00361366123651636	0.00496626420252954
T[T>G]A	0.0015274331598792	0.00551663311868165	0.00476934790439463	0.0034335275858514	2.69761950690291e-31	0.00437609364475499	0.00408885568452872	9.5510168011859e-37	0.0106946657625495	5.05350933435819e-79
T[T>G]C	0.000928733361714923	0.00172064056412712	0.00387875065372049	0.00318263292742305	6.15396233367213e-31	0.00749655893808288	0.000728902173655218	1.13168095236526e-22	0.00681617909995082	0.000187914738336022
T[T>G]G	0.00184635666694207	0.00410899649846671	0.00802335822128101	0.00322768175268007	0.00382901623506728	0.00487747460848684	0.00204194597467818	1.21425655632493e-17	0.00794272310200783	0.00366648035075372
T[T>G]T	0.00717471506746705	0.00756402818027809	0.00663670144495268	0.00972248156187112	0.0238782182699963	0.0896764198395322	0.00979559579410747	2.24194332438251e-23	0.0193784877735666	0.0221870027033634
