SBS1	SBS5	SBS10	SBS2.13	SBS3.8	SBS14	SBS17	SBS18	SBS26	SBS31	SBS44
A[C>A]A	0.0152663414738007	0.0240899475704401	0.00153669077111592	0.0037818224356692	0.025022960237456	1.93125517267376e-209	0.00883046433157703	0.044389183076743	0.00367826665979338	0.00850179476049773	5.68653837586291e-33
A[C>A]C	0.00834963180203376	0.0109809064528437	0.00333174318666948	0.00237181147428764	0.0192281706294385	0.00217886071590098	0.00248363589015533	0.0171548669240625	0.00287654095921296	0.0276153482325881	0.00148946552030119
A[C>A]G	0.00219634162284288	0.00221114653518776	0.000313731985858014	0.000760259288515527	0.00450323140280066	6.51399818872265e-30	0.00111162057768751	0.00437369075273434	0.00028829247894088	0.00134030207364766	6.68149261617453e-05
A[C>A]T	0.00600485586139793	0.0114659865252454	0.0141099854955233	0.00236140596910359	0.0220441394451962	0.0146223825622952	0.00479476490348369	0.0228254726632904	0.00316358143704721	0.0146305150436131	0.00301879746742471
C[C>A]A	0.00962691325999706	0.0166680771941191	0.00264863866495876	0.00254380681573181	0.0183684991921974	0.00329365988345178	0.00889958716802752	0.0413573973252477	0.00307607877783285	0.0150996545678158	0.00891914623609415
C[C>A]C	0.00347307889193307	0.00828687179844053	0.00104945754930027	0.00183579945565027	0.0174824752008718	0.00399793381628771	0.00480230063082228	0.0141782340332783	0.0060137291669843	0.0118004108508829	0.0220558670185076
C[C>A]G	0.00267509787598882	0.00147323323196779	0.000222837253023496	0.000478846468915372	0.00297859107150587	0.000540308503292998	0.00072399447587106	0.00633769160862434	0.00150790635596742	0.00133939692561834	0.00376305229645431
C[C>A]T	0.00536225212504248	0.0166666813340421	0.0128528790454271	0.00236347523332985	0.0168460058703089	0.0501599457254447	0.0109833142259175	0.0326396339407126	0.0137906649167049	0.0358004604039118	0.0580368429258063
G[C>A]A	0.0156845417908299	0.0176966679934892	0.00096492503056674	0.00225393869328576	0.00821473366288393	0.000369431103653869	0.0106172141101332	0.0629751492143269	0.00119274033113789	0.0193630673146386	0.000461075026698605
G[C>A]C	0.00451971657428062	0.00692204413674162	0.00168296851279554	0.00106209355546637	0.00808347142984062	0.00395453153693547	0.00370116922724657	0.0140698167511218	0.00287911345782042	0.0394545135840624	0.00262668161755615
G[C>A]G	0.00284073864119141	0.00280814039066162	1.40727884216137e-170	0.000380572876316983	0.00200972031165311	0.000282660951039192	0.00100578589067406	0.00397821749855449	0.000620270252348477	0.00123771560689815	0.000493634315253323
G[C>A]T	0.00727975897717068	0.0112602513997755	0.00769534929610503	0.00160787659004917	0.0107703455755729	0.0267746852514776	0.00654959996588324	0.0383323765676799	0.00291620559293355	0.00606801272722519	0.00620002061395707
T[C>A]A	0.0115264117141691	0.0114852829165154	0.0688075912959988	0.0291899460897776	0.0139817001498917	0.00107369015049138	0.00751671232630596	0.0419383795097677	0.00160912134628932	0.0070881350115948	3.53159138630681e-45
T[C>A]C	0.00903991649017727	0.0103564885601256	0.00549720234878788	0.0122673632530003	0.0147023016961701	0.00495437949550364	0.00304263578653086	0.0255325009245883	0.000983761670364317	0.0114000442337055	0.00183307110148235
T[C>A]G	0.00370454902135772	0.00272278783746213	0.00132618220750098	0.00248116060150323	0.00159986889396158	5.4418863941228e-05	0.00157565255101916	0.00420076632202383	0.000179319821833602	0.000703575013412439	1.44797410171885e-25
T[C>A]T	0.0189188976341826	0.020788931162096	0.438109306034129	0.0189953251505756	0.0177644405433632	0.0511825577947728	0.018805254084027	0.0794362005283331	0.00492080925741353	0.011876271789811	0.0096457844626938
A[C>G]A	0.004611717894893	0.0105655879290698	0.000135079904309668	0.00312944822771293	0.0161538661808581	0.00162221055183681	0.00366381486636809	0.00236071514712964	0.00198098034567208	0.00432417820506972	0.00239813200520789
A[C>G]C	0.00273862702244345	0.00329456396754728	7.32793586126868e-05	0.000951924003697639	0.00823245170474938	0.000328383500196888	0.00354738076361971	0.00240238024855827	0.000814869670176327	0.00273038271394156	0.000453547626042132
A[C>G]G	0.00268922722456858	0.00171941749981966	0	0.000644575320253742	0.0078934967514126	0	0.00175797398084372	0.00245509543216723	1.94378102016431e-170	0.00175865709432415	3.15613383745312e-65
A[C>G]T	0.00311616018758774	0.00716270352459966	2.70449188362333e-70	0.00275131862884111	0.0170027288863299	0.000389081886875529	0.00539517661647823	0.00379791732036553	0.00205180924814285	0.0067936769849627	0.00238654548568099
C[C>G]A	0.00151187148502774	0.00382696414092313	6.56542925093526e-161	0.00276177875373943	0.00988786558850645	2.85715648157783e-05	0.00340948240901493	0.00217700570201588	2.66232770058084e-135	0.00149557932271869	3.6709023703133e-41
C[C>G]C	0.00152139683069563	0.00359754659359792	8.60873182717244e-156	0.0011887739672952	0.00932450570207124	2.61130880614622e-05	0.00248867787625595	0.00180079616493107	0.000288095066574446	0.0015722605107488	0.000174601660622596
C[C>G]G	0.00300374531575021	0.00157370009901813	0	0.00048840046621065	0.00561482423574252	0	0.00187758881647682	0.00213793734243311	4.1313803871047e-224	0.000421774771939698	7.09100367872842e-115
C[C>G]T	0.002232322025628	0.00408787877119884	5.89244522747101e-25	0.00403341024776142	0.0152216324853797	2.07688549778604e-253	0.00484079887805856	0.00204450565943074	2.35279199915878e-16	0.00321864616297315	2.90357372250308e-05
G[C>G]A	0.0010572941856259	0.00431582209344826	0.00021091660877179	0.00123391084417422	0.00673918901176854	0.00112162995963909	0.00344667246096781	0.00170203713126874	0.000389208171321397	0.00116524686805267	0.000655646146657757
G[C>G]C	0.00235894258526744	0.00411445416907975	0.000116705509116326	0.000704925496387725	0.00501404378121669	0.000464546617626748	0.00197404015562299	0.000942763640116382	0.00194415293306476	0.0147551654204688	0.0017243758609312
G[C>G]G	0.00103199409638422	0.000781873252784962	1.50614536157612e-136	0.000212106294980253	0.00308360934157288	1.64631538975511e-219	0.00146971837294287	0.000912752749735376	4.32672008985113e-05	1.86302854661618e-22	2.52283177073165e-26
G[C>G]T	0.00110593795364761	0.0052726627094867	0.000189278441058354	0.00200990743886225	0.0101735005469807	0.000524678968028853	0.00335941684175912	0.00203647249088452	0.0010733584747846	0.00709230616042517	0.00109034086544167
T[C>G]A	5.88903612666895e-08	0.00257930261555227	0.000125411625541887	0.130861862560936	0.00525704671272182	7.3459709779886e-05	0.0119928113261734	3.51117016247411e-10	0.000685125888275033	0.00151459353716894	0.000381402068342298
T[C>G]C	0.00209038613349512	0.00477229027113105	3.42032473520601e-40	0.026327189217404	0.0120211566462627	5.95747890643261e-05	0.00564609486597442	0.00116811785976771	0.000379741561847479	0.00276256675488564	2.38378133119388e-39
T[C>G]G	0.00160616306269708	0.00298047006991229	0	0.00486987517560762	0.00360964201770245	0	0.00218012871357404	0.000688906749131977	2.39781330944555e-109	0.000606649355378995	6.53173562824097e-40
T[C>G]T	0.0014058993545641	0.0048696080147912	0.000173002336277279	0.159610171166622	0.0204133812489124	3.19807357459263e-178	0.0118719895805319	0.00177009649496813	0.00234354375173601	0.0111122965513645	0.00117992517587284
A[C>T]A	0.0252672254810444	0.0374839267825899	0.00123824807986516	0.0076294818756793	0.0222460068025948	0.0333306075038496	0.0119456044404451	0.0154269702649846	0.016078007496184	0.0114343181311905	0.0751789126236213
A[C>T]C	0.0146461738023816	0.0162697683378467	0.00349918517461874	0.00267909822536175	0.0108067571842663	0.0237953008801191	0.00598284341498537	0.00707200502477557	0.00664509171487759	0.00433256616269438	0.0144757317957315
A[C>T]G	0.123706381526528	0.076162372127498	0.00722268787665519	0.00786053792158827	0.00850674294897013	0.0583697979424529	0.0254809459291244	0.0635022132821833	0.00563877789316255	0.0100033116510349	0.0374989459977888
A[C>T]T	0.0166337415578722	0.0196739196881009	0.00583033241390693	0.0043852764774744	0.0221882985090814	0.0257218704351762	0.00632502259496922	0.0151957125621034	0.00552085688841208	0.00501606118285497	0.0164695998477097
C[C>T]A	0.0195345251535155	0.0176603675024199	8.92974420054476e-83	0.0112294035942091	0.0105414443177137	0.00687266161732055	0.00778851651891809	0.0114975626775685	0.00341998803695597	0.0291900821669249	0.00795438723546593
C[C>T]C	0.0169348094228819	0.0177350214212161	0.000509066256979534	0.00441488642252723	0.00730307577629372	0.0208189369553879	0.0038270969144209	0.0097567058867515	0.00947246574545079	0.112800898318749	0.0104125499748022
C[C>T]G	0.0751427716565946	0.0375588687495989	1.41487535017573e-28	0.00651051518143557	0.0056610043709455	0.0367104870232747	0.01449587059873	0.0388316197034691	0.00519155715088349	0.00938711751078698	0.0259802588098723
C[C>T]T	0.0185922140942274	0.0248968455765898	0.0011456164137499	0.00739687619702426	0.0172902319973373	0.0198544979244481	0.00825234778127273	0.0147434405676572	0.00871276190948537	0.0892059027554946	0.00956915039200197
G[C>T]A	0.0217881408152327	0.0184999446994261	0.00227717012513941	0.00571226564032559	0.0102649870902464	0.0504927575325374	0.00935608815845252	0.0109910674320474	0.0177575282027942	0.013323469960347	0.0528810723326316
G[C>T]C	0.0193082929581304	0.0167390084911224	0.0113419314999701	0.00355534352779747	0.00860096495872001	0.0588732759167624	0.006917787212799	0.0101598043972891	0.033178235513254	0.0127919613932465	0.0483430506676905
G[C>T]G	0.0895839357294135	0.0435026563664404	0.0129940782055678	0.00594937003814834	0.00526381660834079	0.0876887631490106	0.0132963756703486	0.0464183757345923	0.0226616289987301	0.00793139448359207	0.0550226942874352
G[C>T]T	0.0204965456463098	0.0196149044237778	0.0130405179374991	0.00433064391830449	0.01222748852203	0.0502579188810862	0.00803432977687684	0.0115774257485279	0.0233227122583469	0.00928779551202078	0.0390360924426165
T[C>T]A	0.00888179818419762	0.00590990543967768	0.00285701856411259	0.233144296255621	0.000190209369830872	0.00985217099949657	0.0153449350804504	0.00562777028819038	0.00652083501311762	0.00497438535545056	0.00922126642121836
T[C>T]C	0.0214052118193222	0.0182645560296206	0.00947434964677855	0.0498177828063735	0.0111181209912089	0.0282640940021814	0.0101334715070319	0.0124158489595479	0.00902656622824418	0.0169003943011505	0.00899969827481536
T[C>T]G	0.0545528765691905	0.0257728259551488	0.0643946709358638	0.0276032379598515	0.0017674978770057	0.027232886644154	0.01008922684488	0.0248737193551718	0.00120948599924554	0.00314608098776476	0.0132382684791146
T[C>T]T	0.0150599292298505	0.0125564570482799	0.0291044293749183	0.129177937963239	0.0107172385288285	0.0304651829317656	0.0113979910149941	0.0156968285041871	0.00927559138189247	0.0133785052636231	0.0107728988637339
A[T>A]A	0.00788579488455547	0.00934620276509489	0.000583967126884137	0.00170463350108562	0.0123060102224692	0.00109137631154141	0.00659198265575976	0.00511205309990571	0.0163876345142654	0.00753942694169693	0.00655372856510773
A[T>A]C	0.0038181281058781	0.00662144131311474	0.000208396450237306	0.00102206378567788	0.00775721862211197	0.000858842308870796	0.00398103551858328	0.00326622980767764	0.00819648937406891	0.00950681810905983	0.00510395296950491
A[T>A]G	0.00356061406781155	0.00779772949713495	1.61093626234418e-19	0.00110657547128962	0.0116310312627122	7.0965328466895e-05	0.0041935691009112	0.00634600072096356	0.0036257647103611	0.00420395931198372	0.000732060117971432
A[T>A]T	0.0133514804420166	0.0137874742003112	0.00623918494122063	0.00327778476756316	0.0150823553610616	0.00699545141718672	0.0109983682448213	0.0146420343910602	0.0273929582530864	0.0102109813303822	0.0219038294033045
C[T>A]A	0.000612609252235095	0.00349239834505072	0.000109493994574458	0.000959064179984215	0.00873888120598442	8.82829855185429e-05	0.00215609701286669	0.00273000194654148	0.00292941965047813	0.0250804603330489	0.0010879071053541
C[T>A]C	9.29010491801816e-09	0.00341645234744881	0.000286647156905731	0.00126867736830492	0.0125525929903101	0.0016153676268703	0.00510782624563997	0.00471548605691203	0.00498196465773723	0.0247298444093867	0.00438878908151284
C[T>A]G	0.0010449485039866	0.00618689636294628	8.68391949577677e-05	0.00115987195162291	0.0110544464531476	0.000126482319421074	0.00398777008154448	0.00321491627119051	0.00344022731022726	0.0258455977456844	0.0010891128253576
C[T>A]T	0.000579594953711716	0.00657607314746023	0.00082025117712886	0.00151739317929441	0.0171378301534923	0.00123044753815656	0.0144845783657248	0.00707363368110361	0.00217781101883336	0.0394985421044051	0.00127324916685868
G[T>A]A	0.00130784926518351	0.00276704714843078	9.51980619565954e-05	0.000729631332356598	0.00678825214104613	0.000208458967117614	0.00166416074529708	0.00280694609223432	0.00637741218716659	0.00188591099307011	0.0014852650944331
G[T>A]C	0.000689940109494679	0.00241870811998288	0.000186827154031839	0.000425258243281402	0.00594987022301966	0.00122688483537423	0.00299465146853546	0.0021568421005502	0.00544252699942121	0.00446907038338827	0.00259585431352473
G[T>A]G	0.00244324315493591	0.00225660780144646	1.78060307417877e-118	0.000458585886463812	0.00725093874647404	0.000150069549652521	0.00244458569292993	0.0032555042905746	0.00543353008709825	0.00382804992855942	0.00223331693316703
G[T>A]T	0.000638366572348615	0.00489800605934253	0.000708650869204253	0.000936306279339374	0.0123418698011092	0.00109831535968899	0.00634782611889672	0.00514365644561329	0.00435270489969265	0.00305347922158724	0.00264583506148724
T[T>A]A	0.0149057721804179	0.0060463598057499	0.00175975205025967	0.00263197748303949	0.0111466754553363	0.000550844087630744	0.0141656849747131	0.0197043927560956	0.0115389528825986	0.0120383636527264	0.00798860103867485
T[T>A]C	0.0022890167444197	0.00339969676364245	0.000710907620068791	0.000945586157800715	0.00982124998086599	0.00120836880968474	0.00417950722994334	0.0038909512204562	0.00287486286211924	0.00548837573557492	0.00133254219964939
T[T>A]G	0.0020736192689186	0.00298357107365795	0.00106866921417447	0.0006756611222102	0.00741752798495563	0.000107195671662718	0.00209445339683609	0.00273820953143253	0.00303579783469918	0.00378612244665853	0.000914890325883568
T[T>A]T	0.00999399058636202	0.00853806690226232	0.00784421389596995	0.00255137247845515	0.0209227782953788	0.00290738584452743	0.0121075603144657	0.0116862323270471	0.0142227149650426	0.0145002771616422	0.0172985303386112
A[T>C]A	0.022631459994757	0.0339964951825246	0.00350111417166595	0.00371401520741385	0.0223760332402881	0.0167451955162606	0.0113972402331792	0.00934547021611169	0.0549247118895035	0.00952749122560411	0.02714515994345
A[T>C]C	0.00652913011933748	0.00939150558210449	0.00271032045592916	0.0012665315418681	0.0114780728579132	0.00768912255607928	0.0055580557148443	0.00467858085598419	0.0165548590125032	0.004651474629839	0.00849789904935009
A[T>C]G	0.0144383454607976	0.0202453275315507	0.00148853303670837	0.00236238078280707	0.0160716317442783	0.0100011523446907	0.00781865743956076	0.00242593859883435	0.0419163416573202	0.00592668697176819	0.0272217274833794
A[T>C]T	0.0194398341272347	0.0274393825997943	0.00341152811636661	0.00350285189657364	0.024412366484198	0.00675841196782407	0.0121574273999429	0.00891519943789733	0.0209349453872428	0.0042872765461847	0.00707329219587953
C[T>C]A	0.00692825273411839	0.0075296503696232	0.000244278949571022	0.001183853242043	0.0102560560607587	0.00423289364618368	0.00900636484904253	0.00362383938114108	0.0318390053430205	0.00933519348027064	0.0172494615878298
C[T>C]C	0.00437981212703838	0.00864198518482732	0.000823622946965794	0.00140025149204712	0.0135782633247537	0.00714669679785818	0.0203330006765546	0.00366392142650266	0.0177207955721393	0.0116262700517126	0.00955161780848996
C[T>C]G	0.0074949178318624	0.00828489767054564	0.000515189922190172	0.00142885915703342	0.00978477711021104	0.00674450655130001	0.0174237786045356	0.00250882929859276	0.0447426236083874	0.0100638259367911	0.031667251932422
C[T>C]T	0.00648474993068032	0.00803411668557925	0.000647786176996397	0.00147303638718146	0.0129814555061142	0.00497441813546353	0.0516088107899337	0.00564884644881163	0.0273119338698238	0.016075560862788	0.0163958549727534
G[T>C]A	0.0106523232743988	0.0107856396423513	0.00508768118852034	0.00150035685418239	0.00912509482446163	0.0272262092342915	0.0049353183452594	0.00713139322462957	0.0667098007870046	0.00437848719684139	0.0307998289498442
G[T>C]C	0.00651858502607911	0.00576169127085841	0.00542031942954619	0.00100482352307958	0.00566502868186523	0.0176513712087722	0.00786383929401271	0.00447030829255922	0.0201076915772685	0.0118296724351617	0.00949840658014177
G[T>C]G	0.00942907651278038	0.00752907241566353	0.00153968077307	0.00117466268416594	0.00728479258288452	0.019699975575235	0.00606632046199423	0.00314444157845197	0.0462038215797125	0.0051966065482696	0.0223374570972395
G[T>C]T	0.0122597880466153	0.0124598463341267	0.0100233509302184	0.001862564871304	0.0112591774354515	0.017450736808513	0.0106773025336888	0.00415394386282493	0.0413286668336966	0.00457500562391094	0.0156584298125139
T[T>C]A	0.0112444935672085	0.0121399917425409	0.00479324276145951	0.00199651644368092	0.0134594387757011	0.0121236118272067	0.00810312453560538	0.00605147045296503	0.0457273220411	0.00767576098348187	0.0223842367179799
T[T>C]C	0.00882037482178923	0.00765099685632642	0.0068353199453891	0.00145913560862536	0.0120146649670314	0.0116311837052609	0.0123201726151579	0.00637615833198905	0.0263829034087081	0.00854825438425336	0.0158670914481379
T[T>C]G	0.00916197155157783	0.00863340422768805	0.00282329020848961	0.00109452179998461	0.00663941516407478	0.00907747850997499	0.00667435065263963	0.00219601582401159	0.0257115149981093	0.00426387664145663	0.0182480926152344
T[T>C]T	0.0170971623949511	0.0124503265587378	0.00733906428408849	0.00215704669955199	0.0138256056533377	0.0125549081403154	0.0163887039096027	0.0073218813425825	0.048779059087555	0.0142234817185546	0.0399224751840181
A[T>G]A	0.00336659808266606	0.00341919973952551	0.00436874600153586	0.000782741163873988	0.00651209565777648	0.000218007250490249	0.00421909805956135	0.00281264866813926	0.00360376699270238	0.00267591064424055	0.000135729636520485
A[T>G]C	0.00141881563509366	0.0015540802405829	0.00280006966296543	0.000453165781039255	0.00236007290596806	0.00226432868371717	0.00392085204934622	0.000405403964069433	0.0027541525215074	0.00182930220997353	0.000888040344065851
A[T>G]G	0.00166693160581309	0.00326019978099476	0.00149370303049699	0.000515125966561282	0.00906528337071044	0.000777738522378003	0.00409422258904846	0.0016046328941844	0.00183075429759924	0.00365005328068138	0.000272855644571724
A[T>G]T	0.00409869007649956	0.00532771425286661	0.0247080406422554	0.00119732833999182	0.0053760050015612	0.00917209540568087	0.0347145752581638	0.00209508126188682	0.0052451939100795	0.00202602635512837	0.00197215711646266
C[T>G]A	0.0014841011050808	0.001911193444901	0.00250688078815303	0.000523760701582443	0.00382535482728263	0.000381753218091163	0.00451682876530876	0.00100262156055258	0.00110950276720351	0.00245464297191733	0.000509796426235649
C[T>G]C	0.00183769387138037	0.00304168927319801	0.000582567353989496	0.00060643567914383	0.00470175931929391	0.0018305125165421	0.012835867905058	2.19678087248245e-05	0.00455441644221342	0.00144235362953692	0.00295437282584382
C[T>G]G	0.0017796411686774	0.00327371103407526	0.00115526711448407	0.000886681913222672	0.00838906083032634	0.00116354594443856	0.0100846042080224	0.00217519477530522	0.00471845140014746	0.00278301645985277	0.00325596964659947
C[T>G]T	0.000542173788358365	0.00439706397172175	0.00889056190246098	0.00124421634729674	0.00527284170752153	0.00616030041470554	0.14411469741025	4.49700233216135e-09	0.00275963054465564	9.21808967472634e-05	0.00487982182437758
G[T>G]A	0.00080888492879493	0.000861703160046617	0.000704599836529842	0.000449522310081389	0.00381402096442183	0.000379668173605853	0.00145981488322248	9.79574613523898e-05	0.00144530865204374	0.00148094974711029	0.000101729773793406
G[T>G]C	0.00104800390014708	0.00104996189739331	0.00117351172283427	0.000295895677858072	0.00223656863140501	0.00193634623644343	0.00340186092777803	0.000348764062760637	0.00142996236759245	0.003205469178991	0.000537498512931314
G[T>G]G	0.00135618775864594	0.003573999388917	0.000535928868248538	0.000447932276983981	0.00844403725553117	0.00113164436717009	0.00371339221189045	0.00188675013778362	0.00188784594190491	0.00224619982731084	0.000499882724973511
G[T>G]T	0.00203416375702582	0.00226930797581829	0.00333583729682338	0.000614107106154716	0.00482848592115722	0.00446344723044439	0.0373381367109533	0.00190063389668601	0.00611968111389921	0.00243904222330968	0.00465556481416095
T[T>G]A	0.00385009425200718	0.00527778394189513	0.016600801583962	0.000917648919713126	0.00692211341162754	0.00055509603225361	0.00951166741548493	0.00189281160735568	0.00107318710318064	0.00210443663497833	7.10267722365535e-05
T[T>G]C	0.00263187065892276	0.0050612526607333	0.00446514791895384	0.000447761191512427	0.00489187759730394	0.00362806138092459	0.00570363956414494	0.000565362871532823	0.00172687735875198	0.00260491798617385	0.000382674381852758
T[T>G]G	0.00274763718048082	0.0047461870107412	0.00202479599850641	0.000849055796610865	0.00998155946379116	0.000599653684041205	0.00690833165955413	0.00271258269236899	0.00298674174910308	0.00426517612572666	0.00204104569289673
T[T>G]T	0.0105378956750737	0.00976825131820169	0.120637753105977	0.00190473368243518	0.0113299778128087	0.0174162821230348	0.0745963590304661	0.00443410401288942	0.0121251127512684	0.00910267309130515	0.0145577013367453
