SBS1	SBS2.13	SBS4	SBS5	SBS6	SBS7	SBS8.23	SBS17	SBS18	SBS38	SBS96
A[C>A]A	0.020563541612643	0.00721560414080199	0.0669680026762876	0.0160927798621818	0.0028608470121239	0.0012747187734273	0.0342848713981408	0.0032036444605984	0.0275250913961717	0.00933383981856501	0.00214108420218895
A[C>A]C	0.0104710634126432	0.00454872994409131	0.0345822008431234	0.00352014804158778	0.00145108349733578	0.000745877991185385	0.0267565091998249	0.00375966152156356	0.0176192879665269	0.0058170106222861	0.000956811400942434
A[C>A]G	0.00175933684241149	0.00120233276026899	0.0171129587961621	0.00152359729324305	2.65308574355839e-174	7.09374209771551e-05	0.00262699230934904	0.000612979248025655	0.00114859674927348	0.00102271775055218	0.000287100442587231
A[C>A]T	0.00876098495387545	0.0039139645862728	0.0422997144815166	0.00529162779574092	0.00234323456653333	0.000376647962304095	0.0249718301440508	0.00446379218227599	0.0211166404053504	0.00700792226318687	0.000397153798210732
C[C>A]A	0.0104822711844584	0.00467555997055326	4.60182922390358e-08	0.00617585705867067	4.27701784191372e-08	0.00144833210345996	4.13476259281177e-05	0.0180823778241369	0.0321002547838431	0.265489353378663	0.00145515313811544
C[C>A]C	0.00642107026969369	0.00362701070556745	0.0564465103293974	0.00534600186196317	0.0102599621175246	0.00119048814956975	0.0223807548617549	0.00731903285205296	0.0104157247411437	0.0325350367499554	0.000219626650314228
C[C>A]G	0.00291596969028008	0.000670527899274704	0.00765092260914691	0.000524156273456911	0.00137653369032688	0.000662313924780284	6.46983590785677e-05	0.00227839806789704	0.00205524409272613	0.0335474605537391	0.000121081783575948
C[C>A]T	0.00370968913091218	0.00202427746513465	0.0163462547033732	0.00448302163565313	0.0204491722198845	0.00309397262925756	0.00919306364259477	0.0156170678974989	0.0115185766830689	0.122933871599661	0.000625259014495355
G[C>A]A	0.0118529851031639	0.00525835991902999	0.0419222089786839	0.00557375673709772	0.000948592094980515	0.000819795234937766	0.0137878743523084	0.00348423069799451	0.0496237573963972	0.0141099599487902	0.000924115714271469
G[C>A]C	0.00816181758087222	0.00275794768633526	0.0346691400278044	0.00626942045699388	0.00343612419537559	0.000462304581783838	0.0138283805093025	0.00326884041584156	0.0121230333474243	0.00621846889557093	0.000254796370505146
G[C>A]G	0.00181167956009372	0.000755036232098206	0.0141251921422108	0.00303195619359943	0.000959383399164631	0.000269716802110101	0.00226469575638386	0.000526784104843703	0.0022188304884085	0.00102166179912432	0.000119961575971268
G[C>A]T	0.00687205677191285	0.00366913610123976	0.0244746143945839	0.00446162519961295	0.0060692299561206	0.000253283568043812	0.014813494399591	0.00304838463091286	0.0285672621086692	0.0079818640720496	0.000386990280094264
T[C>A]A	0.011736874065449	0.0176753008650542	0.0485072393288087	0.00851521852469632	0.000437119480975053	0.00248050582370121	0.0239906134299082	0.00802709874201375	0.0459916591045871	0.0193906330747239	0.000926429057368154
T[C>A]C	0.00870551595417211	0.00966792858736062	0.047455161192562	0.00885327910324323	0.00170454991090319	0.00287207225934918	0.0233474259194111	0.00243988200869456	0.0280471278465752	0.0124494422062261	0.000165687184326725
T[C>A]G	0.00224173297716743	0.00222213431000408	0.00845247385998018	0.000872247847401025	0.000174902367011229	0.000371010816575456	0.0029043928616111	0.000819251802118902	0.00334378126297032	0.00192567972093896	0.000314186289256243
T[C>A]T	0.0127239151124939	0.0147595612761041	0.0495251502094044	0.00639617955912286	0.00484599172638332	0.00385343051250736	0.0315639509535324	0.0163937298864608	0.0710108582138064	0.0382675409335016	0.00050839007811589
A[C>G]A	0.00592902850774752	0.00879103601891658	0.0156206955351711	0.0106923153325142	0.00189230327564914	0.000486266071536488	0.020348543608699	0.00237005135605387	0.0102293461894154	0.00317435960176904	0.000765482450583176
A[C>G]C	0.00461284419685598	0.00693022871483073	0.00504558421345041	0.00919727528958533	0.00022244525783326	0.000244702765896594	0.012112054880591	0.00165349815875287	0.00772229641517643	0.00440385243320844	0.00045319993004366
A[C>G]G	0.00136038111692122	0.00133666848508425	0.00362074145475318	0.00165882606918112	0.000152822088137989	0.000291662678617119	0.00424530929037766	0.00161773034025723	0.00111542876224469	0.000711557292076414	0.000259700525498777
A[C>G]T	0.00561420702357647	0.0127464900425923	0.00912901243541379	0.00622918919881497	0.000774534988601885	0.0010848092892147	0.014582557496836	0.00487288599691212	0.00869816454279013	0.0032600152233147	0.000457200839333047
C[C>G]A	0.00340554624591983	0.00681553089909343	0.0119050425099646	0.00898165499761945	2.13731669658253e-216	0.000447172776986318	0.010694007189304	0.00323451953514511	0.00228814816226523	0.00258587965807493	0.000312801550692427
C[C>G]C	0.00319471275778588	0.00342154586532852	0.00886555735592807	0.0121995752577616	0.000256373429568265	0.000802753612641601	0.0105714237191195	0.00349580355135032	0.00682582186452529	0.00222115943637092	0.000642763324136381
C[C>G]G	0.00136584486924234	0.0011554379894195	0.00427616373204983	0.000422550025661431	7.71393463563605e-167	0.000372351346585174	0.00344141387642719	0.00154320364147866	0.000998867721497165	0.0010488819286971	0.000134967069942961
C[C>G]T	0.00669033211430856	0.0093184673359358	0.00901165191592763	0.0124589758088689	2.18785941700653e-116	0.00148311177423981	0.0178391594198568	0.00291032423872792	0.00459986465627205	0.00237120779147986	0.00069545998488264
G[C>G]A	0.00401612588958313	0.00361062762689135	0.0096483069349913	0.00497989289955167	1.49404214527352e-13	0.000413949769661982	0.0104115997763619	0.00266352603749456	0.00111741719011087	0.00162032943763287	0.000355640434309376
G[C>G]C	0.00282429043056877	0.0115631377715016	0.00746814228693052	0.0057661945864664	0.000896617378657573	0.000389018691905776	0.0036933584061849	0.00335252860440787	0.00285415393574006	0.00176913961878518	0.000192304451773658
G[C>G]G	0.00126207533676917	0.0010099901843366	0.00362299021436727	0.00076216635617871	8.95122980380119e-05	0.000119338083566824	0.000571719296212032	0.000357153242785582	0.000394279747909974	0.000212400523266282	0.000215051551628804
G[C>G]T	0.00443304536387188	0.00620759590778991	0.00646104991219608	0.00999276578913736	0.000525488611667272	0.000502217218328981	0.0109932724725707	0.00141024066142709	0.00609764483269498	0.00139991713914986	0.000455527588702493
T[C>G]A	0.00103088371165691	0.110244840324718	0.0079330481932892	0.00682399665940048	0.00105290864236889	0.000713596932257282	0.00476414458542386	0.0016099070663747	0.0135566581738754	0.00563936481796258	0.00097592191945159
T[C>G]C	0.00487122232191175	0.0331187203877406	0.00847160639607393	0.00813690772695236	1.53963964600972e-152	0.00045956191556518	0.00825483411608319	0.00261732033850478	0.00920379020528238	0.00298200321601188	0.000443621249398293
T[C>G]G	0.000575981793644969	0.00473721462452029	0.00294758826767461	0.00179732518258256	0.000226547010054448	0.000193790016537342	0.00228175107298611	0.00108927301443278	0.00380640205162566	0.000438458445227651	0.000285217815145327
T[C>G]T	0.00985846312844118	0.130285582943523	0.00741986483828608	0.013428473585435	0.00225281014215318	0.00296759494153637	0.0070663757201611	0.0129338645680062	0.0277226972960615	0.0107413512260283	0.0019058452107326
A[C>T]A	0.0337002884621456	0.00929458056654268	0.0152624728693593	0.03584351006406	0.0440718707793779	0.00110193098054789	0.0230265720170484	0.00781798709766364	0.031163683234796	0.011665426846643	0.0360315386814822
A[C>T]C	0.0145913450526698	0.00337937808217377	0.00629115753056911	0.0226790803761939	0.00891754988969981	0.0150659972341561	0.0106146339835465	0.00937722264003762	0.00848065926206775	0.00532930378541153	0.00282660003884206
A[C>T]G	0.0727814255850664	0.0109638879183795	4.82825942980866e-30	0.0426997276704188	0.113078350839066	0.000683902642186378	1.11566947658689e-11	0.00319558757061168	0.0180273626617502	0.01706302008797	0.327679010062664
A[C>T]T	0.0175829312421068	0.00495992024156576	0.00853489904863268	0.022400896986493	0.00658507309714564	0.00555739000910005	0.028956586853564	0.00832244802635091	0.0142167620645588	0.00586386745726876	0.002462414872398
C[C>T]A	0.0194305494948961	0.0103409265454846	0.0178738930406563	0.018661342492337	0.00289437162725748	0.053494980479082	0.0183687704429953	0.0127519413826697	0.0146182427311005	0.00687819936182468	0.0200204971586061
C[C>T]C	0.0178411706785349	0.000306267270815823	0.0140846388280179	0.0170637277424943	0.00394135561847481	0.0692714854248793	0.0225140971788338	0.0155530865300744	0.0290235427988708	0.0133870674401595	0.00158190278468669
C[C>T]G	0.0402124359110638	0.0083108175926079	5.83015820041868e-09	0.0241581766977459	0.0656552517690401	0.0093208300718167	0.00424941533227978	0.00229066614644886	0.0146966257038643	0.00939252130504246	0.196783332886
C[C>T]T	0.0254842310128934	0.00367820910546336	0.0212746955087797	0.0336549683172599	0.00391182372973785	0.0689269024995784	0.0317718642171438	0.0130763551713978	0.0156214341106328	0.00492287766516656	0.00298761423374333
G[C>T]A	0.0189109910943624	0.00873483875939758	0.00863572777834635	0.0189963852458202	0.030650894323647	0.000729004135503815	0.0199619687275427	0.00448504323745325	0.0159472447576707	0.00684193281606727	0.0139138990659359
G[C>T]C	0.0170168393173313	0.00767396805624104	0.00635251066174317	0.0182277132422025	0.0500089818185077	0.00941075026837778	0.0162734491782475	0.00560807007773577	0.00777038206887529	0.00637255887178345	0.00137373914146537
G[C>T]G	0.0555646216144577	0.0137845603522746	3.2452753890111e-32	0.0225411784825967	0.166557029629295	0.000587439502703715	1.22676783555944e-13	0.00987609264784142	0.0140484814138904	0.0149276357570457	0.175907399377406
G[C>T]T	0.0193307684412728	0.00697566144160845	0.00706887878429667	0.0241838681859224	0.0266868039261192	0.0103884472401656	0.0162879575875243	0.00662981068014394	0.00710233771020788	0.00649811047748084	0.00177287476097033
T[C>T]A	0.0122881015970395	0.160564023608374	7.95059701614825e-08	0.00446883519548854	0.0041607536385062	0.088015703157916	0.00792767329059442	0.0139439322589233	0.00707472154255428	0.0185747131041444	0.0107044208095511
T[C>T]C	0.00157817385705067	0.0214241352186663	0.0103354333966603	0.00385017375237889	3.43333146472647e-08	0.172005929930524	0.00978370120733536	0.0188774754903296	0.000344177654872799	0.0493303248455257	2.26081815708123e-06
T[C>T]G	0.0231436925396173	0.0191722557799932	5.32227048157441e-27	0.0136152515946188	0.0453848836385187	0.0418573336190662	7.20026305112123e-08	0.00810293073980113	0.00576354119003997	0.00680693213756026	0.136773456720984
T[C>T]T	0.0241673670672957	0.0798738627890996	0.0089313307493989	0.0145485557225955	0.00511091913081402	0.0917067063299362	0.0198871547119836	0.0240307183792794	0.00716998987284293	0.0176737733478824	0.00249028632956114
A[T>A]A	0.00761954550192536	0.00332356287708547	0.0089519561180259	0.0125042851871559	0.00527740390634062	0.00378440355967045	0.00988251999367467	0.00205030517970646	0.00666691558449402	0.00595873308448636	0.00206555769904911
A[T>A]C	0.0110994544724101	0.00260807733350044	0.0024385251103227	0.0024645372631342	0.0063005738557575	0.00173251623385747	0.00856701688251009	0.00554278146932075	0.0034189268923571	0.00371894214679759	0.000834636455303077
A[T>A]G	0.0107097503511726	0.00280218830369122	0.010876605566225	0.0075678825491973	0.000838466127680309	0.000811153994526216	0.0116274124973968	0.00391340135763749	0.00351239125595362	0.00247155505210755	0.000775460006312723
A[T>A]T	0.0134150076238064	0.00421809215368458	0.00465606175059167	0.00626981971825138	0.0152064803951178	0.0198167090945982	0.0171082563689435	0.0148417023931346	0.010116634668806	0.00517627539272602	0.000947864274838691
C[T>A]A	0.00369335575642526	0.0024905522198757	0.0145698525426197	0.00145740560064916	0.0008539986976503	0.00137152866049422	0.00853402100325364	0.00187043493718624	0.00863111117397326	0.00242363444099809	1.22426380984984e-21
C[T>A]C	0.00727284196619008	0.00263671882858959	0.0097956336191758	0.00421411207372674	0.00295254423039485	0.0048929255918979	0.0164656528144182	0.00857290146057346	0.00750838736977005	0.00213806370944163	0.00122806057483979
C[T>A]G	0.00515912101166993	0.00303916433861102	0.0266388875219898	0.00761912593675293	0.00116064461480723	0.00179936899809331	0.0115447731238353	0.00309756328413324	0.0047021812806858	0.00264587280305956	0.000549856879790149
C[T>A]T	0.00710070938315861	0.00500279795224683	0.0129162489077043	0.00707844676804347	0.000323534951147112	0.0146780507582093	0.0226587140416716	0.0175715885661674	0.0143160531627586	0.0030167955581033	0.000584404894087974
G[T>A]A	0.00303589404514067	0.00121823915956647	0.010495286011979	0.00559726444965314	0.00178363287131498	0.00088704945068314	0.00656040811956094	0.00215009200184665	0.00452392723371899	0.00135035286423745	0.000192693418867889
G[T>A]C	0.00386723436222723	0.00172248612021723	0.00295727190019761	0.00217346473144514	0.00343053829516283	0.00141041553822866	0.00267198188008917	0.00280989115028873	0.00533907411540584	0.00115510422549455	0.000307490480399238
G[T>A]G	0.00480021289678991	0.00208909589123739	0.0118001210203475	0.00328820809652983	0.00228682297048299	0.000742222590355903	0.00925888148128853	0.0018492474132492	0.000462503754336329	0.00208310763088384	0.00034448109009619
G[T>A]T	0.0048709733556622	0.00254747332587736	0.00537036607620171	0.0038586831384481	0.00188877949734172	0.0072761262710236	0.0153551364212799	0.00414197782990361	0.00972892798175731	0.00218352360242003	0.000101923337271372
T[T>A]A	0.0146485814099055	0.00420407122877367	0.00857095695626215	0.00247753100710995	0.0051317186931525	0.0086575325087455	0.0148915202261788	0.00935559596003719	0.0100433405043501	0.00527387899023578	0.00182699883427369
T[T>A]C	0.00686241305004847	0.00216535092440344	0.00369230247658115	0.0062072014938522	0.001609131741902	0.00959097883792914	0.011497750457434	0.0042731289790252	0.00576769673377236	0.00281522181416032	0.00017240378368231
T[T>A]G	0.00361441703489276	0.00152741231154066	0.00876121674316841	0.00188580377937669	0.00051113954331595	0.00463759565257626	0.00580915820077652	0.00305944573472966	0.00393445641076407	0.0019694812420021	0.00032341110684256
T[T>A]T	0.00703136739988173	0.00666129789706367	0.00544783264026744	0.00461648931511627	0.00795162877255531	0.0883693912445977	0.0256707742812943	0.0073094604819125	0.0189758151957774	0.00433749447426905	0.00445505855441195
A[T>C]A	0.0335394308674601	0.00704293894756366	0.0156282238504156	0.0487487475083953	0.0242645253737048	0.00198916687131879	0.00479254044785198	0.0096913571608371	0.0185346567208977	0.0106275035710962	0.00442721542340171
A[T>C]C	0.010204039317903	0.00367969017650828	0.00183334024472188	0.0148782313251285	0.00772740810467258	0.000477044934280161	0.0076164837024181	0.00554602433354869	0.00537390931489656	0.00261075396780232	0.000894630944402892
A[T>C]G	0.0194866988554302	0.00379861893255204	0.0122679401487469	0.0291993504517197	0.0162209051321915	0.000846777045480259	0.00441521566795251	0.0055826172610558	0.00925046376862718	0.00487670531305901	0.0022507030060804
A[T>C]T	0.0255969211056596	0.00682242863650997	0.00482697513830991	0.0492723984311843	0.00707339367892493	0.00386167590718954	0.0182899541103156	0.0113884619281754	0.0164116227658571	0.00881006826864846	0.00268849453403567
C[T>C]A	0.0115932244513243	0.00335934174374641	0.00810785805409007	0.0117470016376884	0.0121393174455401	0.00192797017130649	0.007414474424508	0.00581889211892263	0.00554875150325749	0.00468610475363004	0.00057444344413419
C[T>C]C	0.00750126141301453	0.00394006047217027	0.00204472758296392	0.011612397690163	0.00564167461127116	0.000311232775874539	0.0107307398617172	0.019529332990685	0.005669153572527	0.00308017254366951	0.00104125756730047
C[T>C]G	0.0089988933377947	0.00382902466933357	0.00695110852321054	0.0138600716954808	0.0160200845850055	0.000875840594861251	0.0084411760609159	0.0137218224246775	0.0022818549074088	0.00294959195850645	0.00146774835547544
C[T>C]T	0.00878257605005555	0.00802867602237143	0.00238481960387414	0.0108377987518881	0.00859497950731273	0.00812136598627266	0.01013390285956	0.0441613170072608	0.00526331846163293	0.00700155218959846	0.000915641790698221
G[T>C]A	0.0116284924407834	0.00291662800721798	0.00659201463670164	0.0176354210990241	0.0357568672560976	0.000720732768554352	0.00257479139557499	0.0101896184742078	0.0101809102080501	0.00503693367039429	0.000909981445846958
G[T>C]C	0.00993613743546338	0.00555862394451068	0.000661187341739265	0.0112040130072248	0.0138625697431335	0.000321533095210314	0.00340791629940037	0.00744310442073146	0.00365861933573112	0.0025542254887884	0.000605127093099863
G[T>C]G	0.0103730471665666	0.00354562137658155	0.00484484961085971	0.0184505787816953	0.018528326837244	0.000520677715808175	0.00303611749791792	0.00612494500455459	0.0081449148678763	0.00482240485284643	0.00201938068315838
G[T>C]T	0.0183900425238441	0.00418912979082748	0.00177901200957004	0.02125942649044	0.0157911951353676	0.00573028857651774	0.00298813619935462	0.00782045945231306	0.00334313746884801	0.0121414833844456	0.000892413274617255
T[T>C]A	0.0130965614738533	0.00515384264251908	0.00636760072660458	0.0201815551619754	0.0197611323012174	0.0140140002312167	0.00670145166138927	0.0110552300688131	0.0122724618975497	0.00858183076541798	0.00148000493711402
T[T>C]C	0.0118519029506639	0.00788740465146615	6.17597567201025e-07	0.0115190071530508	0.0167937159666873	0.00676465487858282	0.007759449708356	0.0133033224374132	0.0101876210689443	0.00442240448915084	0.00130256569850713
T[T>C]G	0.00735520661815206	0.0035067625510446	0.00321887214424033	0.0103816375156777	0.0116440368599131	0.00550703654864664	0.00404486787836864	0.00627436716287487	0.00338126016630232	0.00551641819072976	0.000475654029076023
T[T>C]T	0.0175701284165865	0.00708952753523523	1.6494397079274e-09	0.0225775396171463	0.0331266991708382	0.0275400785724286	0.0100824895245562	0.012871314551133	0.0109987285211073	0.00780793658992369	0.00322602015284904
A[T>G]A	0.00535786846338275	0.00313802974547287	0.00111958374003149	0.00364576388414676	0.000553868890665226	0.00371504920937816	0.00397106971870151	0.00345996081382688	0.00733629013239909	0.00291161793486553	0.000560571011213171
A[T>G]C	0.00220014027601691	0.00073975828319553	0.000226768266244412	0.00262791428445391	0.000763248657802967	0.0013514426858044	0.00160336445768724	0.00494987536786421	0.00243293996801021	0.000815545782995397	4.05572380648059e-05
A[T>G]G	0.00403873533764071	0.00127981798767906	0.00210275499481088	0.00245190242226408	0.000728182006884137	0.00240664424922077	0.00619323658892409	0.00149681121797663	0.00516787867042199	0.00184730878806303	8.57106006813648e-05
A[T>G]T	0.0042915592978095	0.00467333100150406	2.41201278013334e-06	0.00512646271708007	0.00225873418252493	0.00263065817129217	0.00293051553160425	0.0346260235273201	0.00588986117857065	0.00123233896757315	0.000287726008810549
C[T>G]A	0.00169744193015994	0.00126768881245697	0.00136762400281047	0.00234215107258852	0.000731573494806368	0.00106856714714342	0.00572392198837256	0.00434624300208112	0.00349228988663516	0.000974313460891123	0.00014648026593073
C[T>G]C	0.00208265632038564	0.00176627602283664	0.000594552071338848	0.00326831960743186	0.00277648564325786	0.00249327189398561	0.0051271028576828	0.0168046522519195	0.00387264714047418	0.000900266958845479	0.000336201243076235
C[T>G]G	0.00330842509697584	0.00203381065972522	0.00358818283878683	0.0041895398459409	0.00225705965178385	0.0049834831769114	0.0076630109476787	0.0109827709687325	1.03524402189909e-21	0.00254302749402948	0.000322315938253366
C[T>G]T	0.00060995215997899	0.0219881816728471	1.59352258762047e-10	0.000342077696772344	0.00049361185231703	0.00341791606638305	2.59942039273302e-06	0.194565893421156	0.00381714014093883	0.00341459711661114	0.000208851995790253
G[T>G]A	0.00255637172317749	0.0012214469277381	0.00087637909480096	0.00317378210276034	0.000594659747111339	0.000671893942822402	0.00253787266791479	0.00151708425352188	0.00178100404326908	0.000563903642269432	0.000204101233468123
G[T>G]C	0.00125744127418765	0.00139103775835459	0.000211234188857736	0.000440894379545641	0.000933031632060575	0.00059273866179452	0.000444209292820399	0.00326707657300831	4.26281316496627e-19	0.000639371781292255	0.000284691427408583
G[T>G]G	0.00447641742283009	0.00175248336378258	0.00245582123455829	0.00231388018531324	0.0020315597523059	0.00228717123884781	0.00489542015451042	0.00237509202295222	0.00216908104893827	0.00346117688800743	0.000171278405519967
G[T>G]T	0.00269628939674177	0.00590233320262384	0.00058952146349718	0.00308511699713459	0.00590729390759049	0.00152916522371472	0.00120531308356214	0.047418823691201	0.00268335867764217	0.000938609633830086	0.000668631646116908
T[T>G]A	0.00546239369973258	0.00366564711043995	0.00135322982249903	0.00493452510569677	0.000822665107116928	0.00946480955290882	0.00561716116070736	0.00657883792747156	0.0135581189696253	0.00259369667061055	0.000744670714130458
T[T>G]C	0.00238531697449477	0.00242840434218644	0.000436556309270426	0.00529484785964755	0.00117022829041448	0.00741769612144694	0.00370336935136749	0.00757685194806234	0.0028007844558546	0.000727764838220019	0.000522536968217326
T[T>G]G	0.00372848890598044	0.00249792964754771	0.0029965054681386	0.00435781979097612	0.00234142425629061	0.00698508740350022	0.00954902117687144	0.00760640311480776	0.00505897576874112	0.00267051112143238	0.000532131302979434
T[T>G]T	0.00928463567579078	0.0102751015953848	4.01871127568106e-08	0.0117072146433203	0.011907422137598	0.0296543196312216	0.00998278911492474	0.0644795401302376	0.00906400493725981	0.00436121540776595	0.00333617961142884
