SBS1	SBS2.13	SBS3	SBS4	SBS5	SBS6	SBS17	SBS18	SBS33	SBS44
A[C>A]A	0.0176997427797799	0.00824894927108901	0.0239701440254101	0.0598021305818741	0.0156303170337816	2.50700995911597e-61	0.00864969795223344	0.0340113358217896	0.00654349482416885	0.000232209022231053
A[C>A]C	0.00967299336840807	0.00735598005670243	0.0188238826547531	0.0315681535421528	0.0104235222136193	0.00166545916115737	0.00497533701074709	0.0173475849048647	0.00577477332076318	0.00109922859749677
A[C>A]G	0.00264376350340333	0.00154612170043384	0.0031927859792425	0.0173573038749839	0.00213897323974544	0.000313380331415782	8.80186974623083e-06	0.00268265133055654	0.000221175439626174	6.38987667524e-260
A[C>A]T	0.00864976740083193	0.00456322175161589	0.0204479693620761	0.0388568644557132	0.00645036203441131	0.00224207552699454	0.0126010867590156	0.016600654672215	0.0049504199917257	0.0025641302677895
C[C>A]A	0.00963828952758726	0.00700212848506247	0.0230799166181902	0.0768942312857727	0.00548772916414967	0.00419599011673332	0.00867731169067665	0.0268225603390379	0.00781626669617243	0.0073451120216576
C[C>A]C	0.00409307226269513	0.00710681263021396	0.0208589709601097	0.0685126601724541	0.00339240989157611	0.00956372196889854	0.00554541764300855	0.0113252285340884	0.0069935162176621	0.0166727779729415
C[C>A]G	0.00160390454078863	0.00113238826373118	0.00349754673276985	0.019392929740733	0.00115354380999025	0.00127048398169003	0.000830162004016616	0.00339985330955827	0.00294254118600004	0.00251858367071501
C[C>A]T	0.00510608496245758	0.00539111140562864	0.0235125649838484	0.0638444162935024	0.0024867307235119	0.0202856347941873	0.0106901440304977	0.0215063449800829	0.00434505926175526	0.0421629373909191
G[C>A]A	0.010406006774423	0.00320093396489482	0.0110798766176405	0.0368616647833424	0.00498196740280614	0.00109410027838968	0.0138997234819729	0.0389275673623574	0.0074358518183355	9.51389728241205e-05
G[C>A]C	0.00393192630637138	0.00793904013990309	0.0111746775996102	0.0321955470121634	0.00606700075247027	0.0043361073209609	0.00313208542383051	0.012496497860762	0.00672409569394594	0.003845375610263
G[C>A]G	0.00223693891212898	0.00122772107394236	0.00154652187701556	0.0149089164279918	0.00216268263618704	0.000155168164342453	0.00036212048931909	0.00236234287955708	0.000403042544937227	0.000562582034264055
G[C>A]T	0.00468012698579014	0.00289285472967348	0.0127008705359565	0.025103396900533	0.0025785926809046	0.00846910388279487	0.0122217569819404	0.0239353019914084	0.00302817214701833	0.00898138071100009
T[C>A]A	0.00759632633801393	0.0174635623756129	0.0153165046737674	0.0491032534437301	0.0113662762961232	0.00100993287938437	0.0102268261855727	0.0421219433111436	0.00868072566170724	2.47146266014451e-10
T[C>A]C	0.00849967117930059	0.0126289561586274	0.01546664841692	0.0487488727285212	0.0142017576788539	0.00321101595761154	0.0014842865800481	0.0291321617425659	0.00883909500521523	0.00171162685775521
T[C>A]G	0.00227902783981788	0.00223529639833249	0.0019504733396066	0.00951202028542719	0.00229846322281335	3.56600870680856e-114	3.13518350129783e-05	0.00406953160561554	0.00121872781373829	2.12814374334866e-05
T[C>A]T	0.0103313345393307	0.014963632089432	0.0159677378725647	0.0494455998550911	0.0105327573973074	0.0107416091169791	0.0186150110407016	0.0674116232913013	0.00766990582645286	0.00802181387798825
A[C>G]A	0.00414042611578965	0.00479277247337262	0.0186999436770453	0.0115840277056009	0.0066481812128853	0.00185439199404347	0.00562947669122972	0.00467482652889631	0.0034249538431303	0.00186284467687558
A[C>G]C	0.00183704227512018	0.00255151703449076	0.0109081172584382	0.0045855450787447	0.00571396500825147	0.000498173761542341	0.00301026706700081	0.00347338505632095	0.00299041371013515	0.000675273493826388
A[C>G]G	0.00118876100687756	0.00109441820302718	0.00326062865826759	0.00210385602764894	0.000778193493766208	7.70520864909525e-05	0.00223337329982896	0.000663389829231269	0.000878031399579497	3.48126835671385e-05
A[C>G]T	0.00342666711478708	0.00570308328223089	0.0227418030345835	0.00615995519788318	0.00810011213069035	0.000715554382994844	0.00799718262777224	0.00507763783502916	0.00401950835696227	0.00158443797317053
C[C>G]A	0.00114187611336195	0.00476957474552013	0.0111330574397529	0.00833549314537512	0.00358840527347366	8.82690456982955e-05	0.00377793124851337	0.00174083121571275	0.0020909079899173	8.90199949890962e-05
C[C>G]C	0.00161295113582425	0.00337595104565148	0.00899909711601241	0.00619905028373255	0.00461563020404793	0.000308844582231322	0.00201372296765099	0.00338450323643523	0.0023943651587275	0.00034344160731482
C[C>G]G	0.00261688685704119	0.00265097750401883	0.00343182329593811	0.00273901179250414	0.00174759594924907	0.000224979417653842	0.00202689556695848	0.00135548311649598	0.000399399903251189	0
C[C>G]T	0.00188154567420912	0.00699698244501987	0.0166586492830342	0.00680069817184322	0.00568153356809471	0.000280775977795703	0.00428945856267097	0.0025850428079774	0.00180716390237085	3.66811538018029e-80
G[C>G]A	0.00111409851932888	0.00195794867985143	0.00737990039672715	0.00738450123943048	0.00279401472205305	0.000177138826377665	0.00134465955712588	0.00130155800692366	0.00238876123822864	0.000424061579662955
G[C>G]C	0.00203170509209935	0.00396904233482686	0.00881909302785865	0.00623436504189122	0.00674812605212137	0.00146328100314122	0.00214108461306633	0.00225624494429594	0.00212120912086402	0.00131541791572529
G[C>G]G	0.000574836789935015	0.000364429022589926	0.0015282202799879	0.00282278064372859	0.000865944622629607	0.000116483356383347	0.000341082676407707	0.000836816404599007	5.0011708806595e-05	0.000117189741256814
G[C>G]T	0.00124677690338947	0.0032043709164873	0.0133791218218672	0.00401426370240388	0.00365497549313487	0.00064826921990652	0.00318027541404967	0.00132786930466754	0.000465085095493728	0.000848383741126873
T[C>G]A	0.000758420537973511	0.0724800315544221	0.0194151483847763	0.00707531305569006	0.00303902709168398	0.000622552110481014	0.00810376736755842	0.00411363861250304	0.00418979190410454	0.000433095821595057
T[C>G]C	0.00151547100339349	0.019134100607383	0.0178285549074459	0.006952950697333	0.0054161208535739	0.000557269380472781	0.00392041597303499	0.00371594924319288	0.00563013448415969	0.000145776839041025
T[C>G]G	0.00101101017524026	0.00401092206973064	0.00245507559119306	0.00167615382970945	0.00106210738448674	4.88906488296977e-05	0.000818169664791478	0.00129947933276422	0.000102249663576089	0
T[C>G]T	0.00420963429448591	0.0946678193046096	0.0405988564729766	0.00759129937838995	0.00815247809823645	0.000524914830664593	0.0138819312669441	0.00937730560589055	0.0121682039804564	0.0018008729669173
A[C>T]A	0.0243616576157145	0.0163995248968663	0.0170386740081569	0.0112058496626044	0.0234207624731179	0.0306244560797872	0.0108559138169713	0.0166797811706427	0.0114590779677746	0.05446068298208
A[C>T]C	0.0138019575946668	0.00740690437365569	0.00668318697299332	0.00506383750432565	0.0154626614264466	0.0098183411925393	0.00480431674963556	0.00722715527486247	0.00547382270169254	0.01218441119852
A[C>T]G	0.162994770741834	0.011048277489422	0.00965895441492062	4.18490740410023e-43	0.0195929540277675	0.131632593625644	0.0209462262550968	0.0402794025010272	0.0199281800846248	0.0390182131527685
A[C>T]T	0.0152297375886092	0.010369688309043	0.0133131806796667	0.00435423823858107	0.0142956445257429	0.00727517377833784	0.00748163855839784	0.0115221074930489	0.00973973838089967	0.0129789683629196
C[C>T]A	0.0139867402383313	0.0198933848721892	0.0107724511771276	0.0159930216918867	0.0182141447559311	0.00744400591842476	0.00552172609115993	0.0121544436826526	0.00623133319092955	0.00644607459314673
C[C>T]C	0.0122458075720871	0.017606445865467	0.0101027733170896	0.0121525909278616	0.0163204911923663	0.00933895879514899	0.00363767107625676	0.00892912049341499	0.0100503720998233	0.0097646741756338
C[C>T]G	0.0798574441064325	0.0105788026258059	0.00656503110109586	0.00156234421497564	0.0124508131444724	0.0910666023594313	0.0121801058453533	0.0259371091129409	0.00921339152420064	0.0286467726094095
C[C>T]T	0.0177956102018825	0.0215933559824824	0.0152114042303997	0.0153926637645586	0.0187244971698698	0.00654432061537215	0.00626432903426985	0.00965616781462079	0.00779890342214924	0.0079595879864324
G[C>T]A	0.0131591186729377	0.00849283489306273	0.0119095778778126	0.00521205557271648	0.0238259920130791	0.0320830595437354	0.0006340214115088	0.0177173064215793	0.00491967785779943	0.0413482184055101
G[C>T]C	0.014994353705726	0.00884261978341654	0.00705810050271277	0.00402919917622117	0.0219022400999043	0.0524500153323943	0.0050917272477833	0.016859286429888	0.00852462940286948	0.0557694032927765
G[C>T]G	0.110839640275909	0.00768581277843213	0.00679599435747935	8.94972057111151e-26	0.0207899538978848	0.13279499928241	0.0177209774072392	0.0426574846254429	0.00669913655032331	0.0734146044257544
G[C>T]T	0.0162686556449785	0.0115590402382	0.00919986467865397	0.00456616763075537	0.0199202157701181	0.0297871027366077	0.00476138363465587	0.0133481191454006	0.0085610470297511	0.0375563486857602
T[C>T]A	0.0103932546197358	0.128246922844494	0.00740733082912606	0.00565976270399071	0.0235066439947653	0.00789094520574329	2.98892847168467e-07	0.0239555209834908	0.0115865375881789	0.00762037978411634
T[C>T]C	0.0144159142389876	0.0389541404308687	0.00834481172650004	0.00781876505520183	0.0265054889945352	0.0110177918083069	0.00496889484443888	0.0204846194312417	0.00992711141727535	0.00945178256139621
T[C>T]G	0.0614550089110097	0.0171923568732456	0.00335624087299005	5.63169817154688e-33	0.0093646924822606	0.0532609484490869	0.00556289367333348	0.021980953245883	0.0102203397418563	0.0133782752409335
T[C>T]T	0.0150284494418049	0.0819154223477535	0.00848469365455376	0.00839572379489753	0.0191919298158329	0.00872454855744586	0.00761236280499301	0.0222908769841145	0.0123167722009962	0.00915765899554432
A[T>A]A	0.00912194731631665	0.0059306975907359	0.00770895954003274	0.00788383555491816	0.0151609241621321	0.00921320434590688	0.00767524237346078	0.0102639704462008	0.00891784560797659	0.00616725762081283
A[T>A]C	0.00341960115030608	0.00343520676105644	0.00618286848822653	0.00147961181126943	0.00735214685027494	0.015094197979561	0.0049781202615226	0.00605626836221354	0.00231834521599241	0.00858255820084423
A[T>A]G	0.0071651663333723	0.00540058132757833	0.00951270550376551	0.00800950282380525	0.00670506068232897	1.81229915875762e-15	0.00540072799901742	0.00388871537837147	0.0012649128349605	0.00084176001007037
A[T>A]T	0.012609552894956	0.0070771857987339	0.0104940022584122	0.00109304187940578	0.0166400900998864	0.019005194197218	0.0141825020398785	0.0225390797791946	0.00766597058605067	0.0187246090494777
C[T>A]A	0.00362600347390967	0.00369439001251104	0.0093682095547521	0.0116433184173479	0.00475105082685088	0.000671073383241699	0.0056561187868032	0.00258634006985478	0.0100261113831975	0.000651626889287458
C[T>A]C	0.00257753584597416	0.00295442364306725	0.0131058551880201	0.00600219628506778	0.00163222697820681	0.00334158632289654	0.00752037113687053	0.0039630648618948	0.0048223245860859	0.00409777453515659
C[T>A]G	0.00405151828872853	0.0035767215468923	0.0131915491754122	0.0207732879116547	0.00459872214891609	0.000356544259214892	0.00523367288281237	0.0045314399136983	0.00472717438234627	0.000836269243264311
C[T>A]T	0.00439572029017367	0.00507434159227754	0.0190648094657056	0.00692308281283447	0.00168921026142144	0.00144942073910535	0.023858722007152	0.00353981516511332	0.0040612472481016	0.00106724943164044
G[T>A]A	0.00262705832744802	0.00253038076647442	0.00549811968701705	0.00784691617927304	0.00356626606211709	0.0026172194454468	0.00522605029411069	0.00215800005494809	0.00159239175648252	0.00148148747398085
G[T>A]C	0.000859993303913436	0.00165709860177014	0.00503113897215584	0.00251767558690124	0.00329932175284568	0.00736524699436909	0.0063717160995319	0.00234339111246189	0.00185486271588195	0.00427713143479279
G[T>A]G	0.00388023268710266	0.00247226429324024	0.00775909379377722	0.00851180579431952	0.00361036734859223	0.00100606841959744	0.00218716748916793	0.00291467398771217	0.00177141879609788	0.00205924755135221
G[T>A]T	0.00202685282584206	0.00247390734799348	0.0103543881142463	0.00202945188857253	0.00227996763491062	0.00265350018489548	0.00771559922396189	0.00349928261959388	0.0023710534846399	0.00245396123430244
T[T>A]A	0.013758907663404	0.00711920228611426	0.0105159735076155	0.00674847211232395	0.0163701115498405	0.0102340305197012	0.01212904277195	0.0200253258903307	0.00638224161574566	0.00791137000855685
T[T>A]C	0.0016167355147156	0.0025726110275551	0.0100145764012262	0.00211015875842575	0.00440624072798684	0.0029658241348453	0.00394493664741134	0.00402849089458095	0.00564962971974793	0.00189878019414492
T[T>A]G	0.00202707305149738	0.00234431273363622	0.00747462325598825	0.00681835672562469	0.00396493925429536	0.000479385634680763	0.00398508378119701	0.00287281296976523	0.00327436041128079	0.000827819143493657
T[T>A]T	0.00873460642459356	0.00476614930045809	0.0186581625000181	0.00242488458401386	0.0115022326227874	0.00517934134208112	0.0198241242913652	0.0137634707655699	0.0047591708892982	0.0135592839822398
A[T>C]A	0.0206021625083088	0.0273982508482439	0.0164877750189902	0.0122709530913596	0.0370021033944777	0.0132026386261387	0.0120066431230667	0.015817416286707	0.00806889134419963	0.0308810459437302
A[T>C]C	0.00720350446421316	0.00497608715209895	0.00806765384518946	1.50357347622025e-10	0.0129917558212013	0.0057235225067065	0.00929253935671894	0.0033691717255534	0.00215630414182698	0.0107123974171638
A[T>C]G	0.0120864839276095	0.0156439439978705	0.0125041412762817	0.00710937574334761	0.0190088448451895	0.00781929848650906	0.00883596126093121	0.00674092187931268	0.0652091913595232	0.0259437739200243
A[T>C]T	0.0173746487703595	0.0170303901798694	0.0157405251659939	0.00226728164552519	0.0287304922234316	0.00411790530999069	0.0151215479530107	0.0128725500098752	0.0014529879613562	0.0104831287707831
C[T>C]A	0.00564081876037878	0.00755357434089609	0.00894112189178485	0.00565848170324772	0.0125029091616149	0.00911834603207224	0.0143518492508301	0.00499739034608119	0.0163556530595939	0.0179785607282628
C[T>C]C	0.00440192882954061	0.00347098420698688	0.0121006060034908	1.12651214721622e-56	0.00975679720314586	0.0073259443097049	0.0205173721283718	0.00553872438761532	0.0256314649700518	0.00999913436509969
C[T>C]G	0.00586745428421186	0.00712167262669222	0.0102937369482945	0.00430301160943268	0.011032656023776	0.00982271641765217	0.0140180765356114	0.00423910588133237	0.0433308795447291	0.0265027920617531
C[T>C]T	0.00426048714546062	0.00687749342898292	0.0097064312116699	0.00237366806200815	0.00949067742496252	0.00597392020457367	0.0532037199259009	0.00546894756718093	0.00522930221182749	0.0156331551063985
G[T>C]A	0.0098158203231175	0.0108491254913265	0.0100237251741756	0.00517517021708146	0.0215991468932031	0.0268200577085194	0.00713005233400984	0.00793713501548997	0.00532995700763339	0.0445231589946207
G[T>C]C	0.00661342085982691	0.0027467014743427	0.00624521828373364	0.000335096643358185	0.0144535908322805	0.0143658134210244	0.0103549129017225	0.00747214837583	0.000315995400121349	0.0171106392614932
G[T>C]G	0.00669677315344293	0.00695559474130679	0.00656306167657184	0.00260836445419591	0.0144215257134242	0.013694770536739	0.00745646558541785	0.00480853020819633	0.135665323911959	0.0264424408218874
G[T>C]T	0.0100097527634119	0.00629395740130066	0.00880767221689248	0.00147307408334577	0.0231441306535644	0.0160940936937949	0.0110568405813118	0.00979309255596203	0.00273620154908709	0.0269339613646041
T[T>C]A	0.00815168103179804	0.0114326636458916	0.0141220032223286	0.00543178956009119	0.0236824873421225	0.0161020911221178	0.020104587413714	0.0111892256203075	0.00484880491019736	0.0241883572255919
T[T>C]C	0.00642661180708297	0.00487310891732931	0.00862536276192563	0.000313801193784651	0.0176325786834082	0.0154440147035531	0.0161076334339966	0.00978640488584978	0.00377664023725236	0.019722783573845
T[T>C]G	0.00486640686296986	0.00914663794465756	0.00549228048887073	0.00232464932914325	0.0112611617374681	0.0101005674758391	0.00919215987403267	0.00636073601770381	0.275150040688298	0.0159602108278618
T[T>C]T	0.0109844134449042	0.00850837464959071	0.0100835325464828	0.00156100289259074	0.0249446489409239	0.01650485388857	0.0207007855341122	0.010367614567222	0.00449111153894053	0.0353778802456331
A[T>G]A	0.00340117354349557	0.00216186601014488	0.0067612553051189	0.00134252173693031	0.0135190293730635	0.000549336631155169	0.00935346347366301	0.00376261659470829	0.00078107368314856	0.000500048527580131
A[T>G]C	0.00217201043185226	0.00066829116640913	0.00219098020572237	9.14465271864149e-246	0.00594671125900154	0.000299967165989157	0.00263995124449878	0.00292102003652802	0.00109611085423385	0.00105525582225573
A[T>G]G	0.00330535486516748	0.0023300082208459	0.00695427361089984	4.92208276812654e-27	0.00486419482812843	0.000366960498923698	0.00371371471152434	0.00160077185998388	0.00439007960487704	0.000770043507452347
A[T>G]T	0.00378092158545763	0.00401315777423624	0.00561299744228702	4.00152546666856e-218	0.0120550888872829	0.00168696928672471	0.01758178779116	0.00552849081895452	0.000643409397796134	0.00179783600161011
C[T>G]A	0.00171410572560691	0.00114715795866185	0.00382272352067088	0.00093980925325419	0.00613021407587492	0.000560414045100181	0.00582742045109614	0.00183457938313997	0.00965517815980188	0.000656352784708105
C[T>G]C	0.0016977666214697	0.00104113583784489	0.00458789591631501	0.000182903050607177	0.00597451383032852	0.00195270042529199	0.010214613991668	0.00159287940371642	0.00404661887990265	0.00361751868893245
C[T>G]G	0.00196900886789934	0.00224996461050764	0.00781661443654769	0.00142442699366977	0.00578544890989299	0.00218923905722534	0.00862097706814908	0.00283240069502484	0.00252147568155455	0.00450604845495133
C[T>G]T	0.000584875924605562	0.00238756338990945	0.00250597228863935	0.000698122235431133	0.00269210999525844	0.00213683365929878	0.134689155607977	0.00383081107533067	0.00271669538943158	0.00237947743378252
G[T>G]A	0.001635486672371	0.00109283291640062	0.00346880654065751	0.000489664461502856	0.00388225755188377	0.000409525309745962	0.00204370396361251	0.00116682213218512	0.000775331075198908	0.000378150669577895
G[T>G]C	0.00139825905253673	0.000787721792042984	0.00142489095921128	6.26585962863103e-58	0.00385724796874172	0.000686806531349995	0.00368197531449637	0.00102657712060246	0.00130661227464358	0.00106539258625381
G[T>G]G	0.00238272666118428	0.00162726207782756	0.00668253543957687	0.000653063697339563	0.00387140950201174	0.00138965515139938	0.00508480841139913	0.000940133406439568	0.0129148296417574	0.00174322293699188
G[T>G]T	0.00205125715087778	0.000759515577531694	0.00396249964554989	1.95188152319157e-152	0.00558467832432122	0.00418840907973763	0.0347360720033869	0.00327216616459797	0.000686812408397449	0.00627850312926152
T[T>G]A	0.00287457295431886	0.00190256406322987	0.00873739071209018	0.00124342565216832	0.0135998823210315	0.00084097245351156	0.0180064235153962	0.00337877046933577	0.000903534255732966	0.000283893280579962
T[T>G]C	0.00216195778502181	0.00116753240432454	0.00426376005688619	1.50419136817728e-271	0.0099972187879332	0.0014914738267587	0.00489027102036563	0.002114314962691	0.000936377643177896	0.000641865754649117
T[T>G]G	0.00290146796191176	0.00283219812315693	0.00811250326692463	0.00123129703855141	0.00638746594646346	0.00136253544891902	0.00775411104555042	0.00422864910437921	0.00205553126388149	0.00263212123519318
T[T>G]T	0.00626297186669988	0.00546500607691121	0.013628564217189	6.14452036240621e-11	0.0232195194604698	0.00751132169593637	0.0511159022201987	0.0112191393425667	0.00200539264584871	0.0131977983738539
