SBS1	SBS2.13	SBS5	SBS6	SBS10	SBS17	SBS18	SBS26	SBS44	SBS88	SBS28
A[C>A]A	0.0179198873237718	0.00267230589557777	0.0217823088447235	2.36937108654944e-46	1.95405827058679e-12	0.00651483106663386	0.051404899169705	8.10368374768943e-102	0.000585600510976403	0.00690148502449182	0.00527451418784421
A[C>A]C	0.0110725532088872	0.00221693034099363	0.0166526258968946	1.49841195100271e-46	0.00225816372388708	0.00346349436189866	0.0104962783609505	0.000604293390505436	0.000459961769988523	0.00343481286996889	0.00621690463503587
A[C>A]G	0.00141974202095179	0.001455602796768	0.0012870451660961	2.97074607294418e-116	9.73321993434787e-05	0.000674186619715188	0.0025278554373883	1.10391579179866e-66	6.43987102855772e-05	0.00112389410934616	0.000413127028312782
A[C>A]T	0.00680940768403224	0.00209963732904582	0.0218513578901461	0.00194398141898114	0.0103172673991707	0.00498489663806337	0.0228146769248564	0.0010736351057999	0.00250352729141577	0.00531993928901759	0.00440805752279651
C[C>A]A	0.00916822733037623	0.00233552071252457	0.0175652326813436	0.00732325728036019	0.00163900869800431	0.00521393148071466	0.0456467653400313	0.00410693998194314	0.00853634783823847	0.00565607796743556	0.0035900888740714
C[C>A]C	0.00448350999909409	0.00223148622470624	0.016387339206404	0.0153939949700496	0.00092176862064306	0.0032666408260364	0.0141218147362552	0.0141083996355193	0.0180662060429381	0.00560247790847435	0.00371529776254535
C[C>A]G	0.00145218868695679	0.000798322230860325	0.00161059967665268	0.00230455717005892	0.000145578874118923	0.00062038404768478	0.00519417219104602	0.00127144948360951	0.00273907995714966	0.000837672890087306	0.00049093494873126
C[C>A]T	0.00804862679596496	0.00112013012588597	0.0175458689949186	0.0421083052940253	0.0157572424538199	0.00436791869292919	0.0391814611517236	0.0235859586376694	0.0457271879183842	0.00628890518178348	0.00381943009182558
G[C>A]A	0.0146576361755043	0.00191926410646576	0.0121605548011563	0.000869604129583161	4.21418528733313e-51	0.00544231789527443	0.0939499829167996	0.000814001636653803	0.00204898920460236	0.00490119071789994	0.00212211651940259
G[C>A]C	0.0053253784306328	0.00147190529666916	0.00941685636885743	0.0024971326185341	0.00138134449374235	0.00185417471058112	0.0160521743077752	0.00301844731673053	0.00438806768888804	0.00262996228010417	0.00328514126427501
G[C>A]G	0.0024513639631935	0.00104259679755519	0.0016635338160378	0.000462742806360292	2.64997587121361e-57	0.000359197139550651	0.00480387799186541	0.000353741179517636	0.000574966301173342	0.000306733309763306	0.000174702677567925
G[C>A]T	0.0081744040540862	0.000722253009738951	0.0115683575697209	0.00869919427768666	0.00883052013257569	0.0042378240481145	0.0586163546701979	0.00465211973199477	0.011187707731892	0.00416195591954644	0.003294348949639
T[C>A]A	0.0140568616148219	0.016076261332658	0.0142475458254262	2.37617067021973e-47	0.0370559313517859	0.00646614623712935	0.0955371585618492	1.46623519369308e-21	0.00205409298688564	0.0134681416926335	0.00629612537293392
T[C>A]C	0.00859861710549614	0.00640611234279489	0.0139432258632571	0.00170979751626467	0.0057550090494625	0.00361518288019228	0.0478707065350345	0.00130727983849987	0.00323505063181869	0.00805410142384625	0.00557157478840699
T[C>A]G	0.00267459003662143	0.00153436747766527	0.00201352682745329	0.000162095570522792	0.000858607319022942	0.000634090214334842	0.00904293564939066	4.70969872296489e-05	0.000273871757035275	0.000421572879901399	0.00111884563138467
T[C>A]T	0.026751983309149	0.00796729624577593	0.0133149991110915	0.00840789159020441	0.297128278439436	0.00925915953342296	0.159696134765634	0.00319885802509486	0.0125127194281663	0.0130555259241852	0.00995461805383656
A[C>G]A	0.00364487460481635	0.00566179536746988	0.0125656491034533	0.00173285124857895	0.000409377426014367	0.00289335012269783	0.00177689758892507	0.000681412666068763	0.00303759858134079	0.00225187907320446	0.00363678900312485
A[C>G]C	0.00258053404463594	0.00236108152006691	0.00681427130521527	0.000309238189271468	0.000130258249653425	0.00212469542623142	0.00100563210829968	0.000810031667961013	0.000637480275468977	0.000869682875940704	0.00217940578069441
A[C>G]G	0.000341328403257208	0.000976175511580958	0.00291206808981596	8.54422596228899e-37	1.78572823215692e-06	0.000429381423572912	0.000239554716651587	0.000129821744089419	0.000186350315702488	0.000365397250045633	0.00123330400133559
A[C>G]T	0.0036792208618625	0.00317996655890255	0.0106633966045475	0.000865496141373513	3.04869516579933e-05	0.00606871482740096	0.00138978935276976	0.00117771656891505	0.00426061504074281	0.00341157083996265	0.00167605083647232
C[C>G]A	0.0015743422224518	0.00489405837115434	0.00619615951255715	1.61582099948855e-239	1.48234984706871e-73	0.00175250912082763	0.000802582107834082	1.42735696512576e-172	3.90991127706222e-11	0.00131049426827725	0.00237738612742677
C[C>G]C	0.00116372014396079	0.00203577925271389	0.00547819875270465	0.000301295179721311	4.40817345077837e-62	0.00104931425559087	0.000634655610049429	0.000178397484762123	0.000281455820868357	0.00111867380327841	0.00349965065150874
C[C>G]G	0.000560123845703802	0.00138607549699409	0.00206264751250958	8.48463471620215e-05	3.26017076735218e-49	0.000149426127101085	0.000267647651103076	4.44341928472468e-05	0.000126149535905755	0.000375060157036203	0.00195156365277971
C[C>G]T	0.00215729324916162	0.0048999047159477	0.0109763731258231	7.35407126325956e-297	1.82809577402857e-65	0.00283254390070291	0.00129074425679387	4.19447336699987e-139	2.18984191709194e-07	0.00257233687430312	0.00398750829114076
G[C>G]A	0.00137396031524157	0.0024587088353259	0.0069140768788815	0.000258789382975378	0.000261927683658248	0.000763165660481137	0.000786527720316355	0.000306068695480346	0.000751735416375306	0.00148846533676535	0.0012097759395483
G[C>G]C	0.00178947299804468	0.00120512890367311	0.00468474030550475	0.0011998259030721	0.000238005456609518	0.00226529560030058	0.000444104264657168	0.00213365116213574	0.00256652874189489	0.00191738226301478	0.0010154044102698
G[C>G]G	0.000351128392691821	0.000203450708694816	0.000942802496942434	0.000163413903607985	2.98610846987013e-66	0.000184151696209833	0.000228234501357654	0.000105802100117096	0.000134338684901871	0.00032712106977524	0.000200587733554998
G[C>G]T	0.00142721560782681	0.00228776142047233	0.00800957648820416	0.000489820771353909	0.000219964500818092	0.0021847566374893	0.000922855306508471	0.000925696908626879	0.00114002311700813	0.00081913068247154	0.00202621984774602
T[C>G]A	0.00388526687942687	0.134978541943291	0.00839226080251135	3.20267297565346e-167	4.97342938919723e-28	0.00433977495558861	0.000912984110995534	6.40600167478887e-244	4.60465018488264e-05	0.000223496537837941	0.00393301420222023
T[C>G]C	0.00238503226765973	0.0286810909323028	0.0089888692129333	9.34907486461211e-215	2.31198974610317e-41	0.00239486864415154	0.00130990208370627	6.90746306063343e-65	6.80520134535252e-11	0.00135172253114006	0.00259201069320927
T[C>G]G	0.000462223849324193	0.00810139794888524	0.000705214120112027	3.89949443336258e-57	1.44202648671435e-21	0.000409793594151151	0.00012772613560916	1.49190680164906e-179	1.13079937864127e-05	2.75693308268488e-05	0.00158648891753016
T[C>G]T	0.00688591836394389	0.124893048008574	0.0175950694420405	0.000939894206866231	2.81084470766724e-23	0.0110039126092956	0.0018086441879832	1.97470118729724e-40	0.00130003711590787	0.00329874563571936	0.00515155780530766
A[C>T]A	0.0214724503340499	0.0100855660478011	0.0242618751839276	0.0585223528294749	0.0012098225622925	0.00607159091535023	0.00968770217188766	0.0282572790028928	0.0712364369883631	0.0135145883961756	0.0147693986037459
A[C>T]C	0.0112761880647322	0.00461290479591348	0.0122655750233533	0.00952347102985266	0.00312334064380168	0.00222406935109948	0.00507516148160233	0.00954302988473033	0.0146749055142241	0.00824814609066444	0.00587316759610838
A[C>T]G	0.156642294035682	0.0147354608410812	0.028287920168572	0.112630048172741	0.00333991922642293	0.0114742107680443	0.0313632964513887	0.0125267959139472	0.0198561663030654	0.029812929437419	0.00662946835222093
A[C>T]T	0.0158225804774448	0.00586254579585409	0.0205975094846928	0.0085535416166948	0.00501550928763201	0.0046045438608023	0.00810367040524316	0.0106085121481072	0.018270686702428	0.0106199152125722	0.00539745453754164
C[C>T]A	0.0146151820802343	0.0134016307658101	0.0145239198586719	0.00513265861570393	0.000462409287033439	0.00348137844751036	0.00707529664799729	0.00394205197881703	0.0100588877055657	0.0104080863776488	0.00935153462458622
C[C>T]C	0.0124101987887589	0.00649585372349507	0.0161864128414273	0.00883709964474507	0.00142316659336952	0.00208050988815302	0.00590009634850126	0.006004441945339	0.0127009498538498	0.00256338972408613	0.00585784668667575
C[C>T]G	0.0912961237286958	0.0109953104784965	0.022941777720194	0.0747514443200962	0.00109428589374605	0.0081881398158046	0.0211097203969544	0.00664162124492041	0.0153987730138267	0.0154625736450524	0.00383456229868727
C[C>T]T	0.0155388372913053	0.00915221217279659	0.0180395194014011	0.00702730336562511	0.00241650758367785	0.00376061015579419	0.00783501835649654	0.00421221777991178	0.0126163952217258	0.0110678063894805	0.00637031163280499
G[C>T]A	0.0140180234351817	0.0092698362471117	0.0117215550476166	0.0363312397841139	0.00428695337166438	0.00291028827586206	0.00657580716003426	0.0230145281131486	0.0550735866506677	0.00700763646785928	0.00853368848158324
G[C>T]C	0.0168154518973715	0.00636493779106524	0.0128000512895524	0.0454670697185502	0.0154280584020901	0.0036711021404805	0.00625729237332807	0.0291414764597266	0.0566840994628979	0.00919189123044802	0.00679939886829152
G[C>T]G	0.118721201287858	0.0157005431245679	0.0313608096424702	0.116530447098231	0.0175230148596674	0.010008144007913	0.0283131950709644	0.0200534362962326	0.0590623774295031	0.0173517669367528	0.00488813447205083
G[C>T]T	0.0166917372325476	0.00673375890330927	0.0131185227883472	0.0281826427567856	0.0196846261240716	0.00355692013814393	0.00733039326400868	0.0217557836568313	0.0477232396069087	0.00572450974379289	0.00465474073927227
T[C>T]A	0.0116462458044736	0.216016781002797	0.0165056760961633	0.00646314145955988	0.00464367019791167	0.00589679456473353	0.00657309049775135	0.00443773083513238	0.0157204898294841	0.00643742893623403	0.00924800598441036
T[C>T]C	0.0172893575737377	0.0455083519802411	0.016322183765277	0.00855144580717203	0.0157099028124724	0.00494095411087682	0.00687282383919638	0.00528060696369222	0.0137361120230763	0.00630123471052194	0.0108676766110511
T[C>T]G	0.0648097610611599	0.0306635151423456	0.0122680477895689	0.0373559837262129	0.0804535720590894	0.00631211897203234	0.0156841130808578	0.00249293388740581	0.00647281141479252	0.00832551468607044	0.00232933796890142
T[C>T]T	0.0178637339048904	0.108214327880744	0.0226003112147771	0.00816794730506778	0.039496972236529	0.00691983030419463	0.00769703680574783	0.00418931179591269	0.0154247066089586	0.00850951415234796	0.00673319770963928
A[T>A]A	0.00421429985518312	0.00154609525549536	0.0112627030846639	0.000843807715431883	0.000268690941344282	0.00312711910147418	0.00253230070716325	0.00269183952320047	0.0038777774130222	0.0321896412729496	0.00320486682820207
A[T>A]C	0.00263398465926742	0.00151520447242456	0.00880627307313377	0.00300100665553484	0.000134041587197618	0.00177537042545377	0.00103356729933928	0.00500752523423908	0.00450658660353158	0.0193015162299061	0.00418740728832014
A[T>A]G	0.0038764695465981	0.00178708680678013	0.0104565044375338	4.45606610659094e-73	1.76555350458229e-05	0.002103941694438	0.0009335365790261	0.000551085831179885	0.00105742326427741	0.00445983494234912	0.00200682312995024
A[T>A]T	0.0164405245563646	0.00250234461773227	0.0174710917688263	0.0161288016655996	0.00378992602120285	0.00722901874186259	0.00974056917910801	0.00443394338429199	0.0128235870069671	0.0359687901809751	0.00690140406943382
C[T>A]A	0.000926650576801606	0.00132262447685986	0.00579582267853888	0.000315682188178852	0.000113015115765776	0.00202598795617598	0.000790709809711372	0.00118298463580076	0.00062588547099909	0.00324063771676441	0.00139902932355057
C[T>A]C	0.00139911049811452	0.000767382772660368	0.00922839732814456	0.0043187729917744	0.00011236618700404	0.0110722155770132	0.0013213603371926	0.00488326743900361	0.00460234854177236	0.00274233818848667	0.0114133209123664
C[T>A]G	0.00219128342971015	0.0015646370169742	0.00875621818678358	0.000218940693702079	0.000103672895454805	0.00449211408946656	0.000907742705596389	0.00141971910892332	0.00147236648165889	0.0013191412990525	0.00540667258338312
C[T>A]T	0.00208105029785266	0.00216746787847619	0.00934995676564972	6.87255191649141e-20	0.000226909144151864	0.0256511206698923	0.00212458208376095	0.00149962356246936	0.000382178658476662	0.0068378299215059	0.0116738467079936
G[T>A]A	0.00119081655822647	0.00082807451970801	0.00377536375151559	0.000412423799643053	2.8791155655835e-05	0.00109860306875381	0.000698846294098091	0.00379644485040157	0.00129607403701382	0.00378586451496175	0.000916155760474706
G[T>A]C	0.00125032962116857	0.00084397119243491	0.00543518064374578	0.00226109840167888	8.77101998690868e-05	0.00246244614397572	0.000769011236736719	0.00698641585956376	0.0036049592279484	0.00404570526579508	0.00449866440830279
G[T>A]G	0.00173373776428142	0.00116894186047074	0.00645687105989851	0.00198664290647583	1.54556672826035e-61	0.00185740736973475	0.000619645338046902	0.00309497279740584	0.00268795578611697	0.00122014875527268	0.00163899431633211
G[T>A]T	0.00157368910408152	0.000789439976338069	0.0094804144508042	0.00119877177210026	0.000184946637918863	0.00624479896620397	0.00127650041065954	0.00181915834348735	0.00178144256843536	0.00909167976376481	0.00462756523130543
T[T>A]A	0.015002284914615	0.00182075444744412	0.00693774522645898	0.00894737786810757	0.00049451056341128	0.00618302048195481	0.0146949455133366	0.00220386804431058	0.0045943651435263	0.0211354386694594	0.00259007321217604
T[T>A]C	0.000932831648488429	0.00123648512172658	0.00735162416829475	0.000211562600592967	0.000406518555915709	0.00325734171923596	0.000977045628571591	0.00110408280314367	0.00117303018905535	0.0111883626580993	0.00544417264191205
T[T>A]G	0.00140163651370193	0.00139356380471093	0.00458109865630557	0.000311633301972293	0.000537042906941804	0.00209513167625448	0.000757358330154309	0.00077071941739774	0.00116519573792427	0.00225932725887568	0.00293313033952448
T[T>A]T	0.00660160137486696	0.00150735564059012	0.0155474141186477	0.0175206316349292	0.00383441553099081	0.0110658904079019	0.00605064575069701	0.00108233749034716	0.00795629963426721	0.0504059808866023	0.014691905941146
A[T>C]A	0.0142056288414611	0.00658877345805047	0.0249877697213084	0.0200358490652125	0.0104803609471462	0.00715356412895238	0.00838623046479014	0.0619079651289328	0.0329798141934807	0.0662773526604211	0.0143011305814493
A[T>C]C	0.00513837986020068	0.00224316279804433	0.0118893693948694	0.0056143724255326	0.00548930549685042	0.0036535292915657	0.00218569709935459	0.0171174780474458	0.00862787751638324	0.0271536212583427	0.00797364300001083
A[T>C]G	0.00933517915398122	0.00487177437762634	0.0137514750851346	0.0186781352985598	0.00412253804876086	0.00439432125776502	0.00350384033914509	0.0389200857417416	0.0268193155981839	0.00947470939606099	0.00969739749657484
A[T>C]T	0.0119949432508836	0.00381893524434767	0.0319593573405669	9.5634023337809e-06	0.00660799583001081	0.00700857702489774	0.00414506664481221	0.020554282752391	0.00809463852356975	0.12118637765645	0.0131501428834122
C[T>C]A	0.00425204115139699	0.00276597966488133	0.000251750865926314	0.0121752833235344	0.00128318350954612	0.00710066187163518	0.00301271485223537	0.0554923034123051	0.0188231080480609	0.00544421872480853	0.0164159379840447
C[T>C]C	0.00402715629028561	0.00300313925496617	0.0123674622828998	0.00692600286466656	0.00131444025953447	0.0276297482438099	0.0016288421289717	0.023453474655628	0.00812069891410261	0.00200421191153295	0.0327179841125818
C[T>C]G	0.00616366705077529	0.00381135386441655	0.00872837836519061	0.0186649701756092	0.000909159165599919	0.0164869213341234	0.00254868749961743	0.0511326053883371	0.0266245943306735	0.00237975171569658	0.0327911734630629
C[T>C]T	0.00511864101957305	0.00318606387590213	0.0103754334634422	0.0128274037307586	0.00064607862564916	0.072172249592934	0.00343757631473154	0.0361896224089464	0.0137471851490408	0.0067356996975864	0.046430572687763
G[T>C]A	0.0085355796596275	0.00440183143693018	0.00851197477110978	0.0254575638711528	0.0180128747094582	0.00324084205226856	0.00453907634592096	0.0878017522487939	0.0330036472963795	0.00855478477798019	0.00686378827726139
G[T>C]C	0.00694080396776343	0.00376944231383038	0.00512210729564009	0.0108080064475772	0.0159324487603836	0.00641988094717162	0.00248933876479132	0.0264030457072242	0.0138767738388108	0.00154508690335572	0.00730699216232123
G[T>C]G	0.00645620054497811	0.00453708918820467	0.00623653741689755	0.016634079841554	0.00739186279299982	0.00529992522689178	0.00205744704718518	0.0471876256749243	0.0242059232491726	0.00241065780265702	0.00950873614827739
G[T>C]T	0.00996087788078399	0.00384556508994631	0.00919990020500308	0.0121496945356834	0.0205864237864729	0.00936351117954665	0.00328520523368912	0.0511038371494336	0.0180182168265443	0.0189693019129797	0.00838769284747849
T[T>C]A	0.0030989582578604	0.00319341624808375	0.00928058360529455	0.014131512744949	0.00958772862808094	0.00956518394608106	0.00815443825383714	0.065236906455005	0.0274515884105659	0.0195650362036912	0.0114259430119558
T[T>C]C	0.00775938061242824	0.00442800710415036	0.0110146917724155	0.0158904211204134	0.00861176966163074	0.00715209784860374	0.0047996038724248	0.0281075548305068	0.0185473327661394	0.00748456510184897	0.0163031801483769
T[T>C]G	0.00461664899042946	0.00569600306347099	0.0041608527333487	0.0112972774301756	0.00505022659861136	0.00489127555055206	0.00365748411281307	0.0320495497081597	0.0175006443424816	0.00386668886382535	0.00999772347479502
T[T>C]T	0.0114800019969262	0.00306181357047269	0.0203026172298765	0.0383581753914148	0.0119026148600134	0.0121085846882426	0.00457015737969376	0.0390904767874948	0.0283742603498341	0.0869383078148766	0.020413803766368
A[T>G]A	0.0013602388205064	0.00109043349246414	0.00359844444585322	6.06502493212443e-78	0.00386766402113842	0.00526691192637182	0.00214612991244907	6.96625976164218e-05	0.00426987510793875	0.00723699765301378	0.00790803615849585
A[T>G]C	0.000825324772387645	0.000603650770640664	0.00253252385058402	0.000494281987851461	0.00379848675135896	0.00361623312307165	0.000346894348132298	0.00122025320452022	0.00136601002228685	0.00266487390571067	0.010368929790622
A[T>G]G	0.00155009129143942	0.000891755729600041	0.00818484514500375	0.00030425074975808	0.00194938521462313	0.00215084505214069	0.000955158177811259	0.000453173045804001	0.00123806176551007	0.00226485345594469	0.00505053474839623
A[T>G]T	0.00247428306461669	0.00211709684081182	0.00620609841992515	0.001016319658541	0.0309343038771525	0.0367946171292461	0.00132526716079263	0.000547862543049541	0.00212000572460331	0.00499274219190344	0.0557780958436352
C[T>G]A	0.000835213098147262	0.000481592917396412	0.000349702603367746	0.000491477174233687	0.00472752216573189	0.00400611202553688	0.0010952322649273	0.000983274903471517	0.00130468662199016	0.00203280740582868	0.00786251642679423
C[T>G]C	0.00108115105493408	0.000549618141306705	0.00260206628462206	0.00300623598508465	0.00159034156133537	0.0255048536397037	0.000184881634536981	0.0043733957303389	0.00403515895804302	0.000554023914791726	0.0183489838218216
C[T>G]G	0.00217983753615767	0.00129717955899218	0.00863451105880725	0.00325990148661404	0.00326274926165279	0.00987552454489352	0.000870693771285713	0.00364868892265825	0.00411305158288478	0.000855623038331161	0.01429830175606
C[T>G]T	0.00021152837704898	0.00261183676611884	3.4523797839289e-10	0.00123497649992135	0.0171933983176515	0.273511733872196	0.000664703278118223	0.00149912526158652	0.00181510028910745	0.00303141345460708	0.111735105231287
G[T>G]A	0.000436804133894976	0.000388433722260379	0.00300194103088369	7.60630761499358e-05	0.00164953814658979	0.00119008662155425	0.000344225268640078	0.000284587731163572	0.000165912331926976	0.00332182681084754	0.00216163151503723
G[T>G]C	0.000374816084939926	0.000203935712181656	0.00186076320799107	0.000643168183926182	0.00254816006089072	0.00477250775449066	0.000221955297432833	0.00148230657672785	0.00129726571605731	0.00209741928152737	0.00396712486247033
G[T>G]G	0.00160845339658784	0.00091676119473816	0.00743599087606774	0.00102075703675386	0.00135008769828524	0.00306786120923274	0.000938969410674733	0.00120081509911045	0.00179178485360309	0.000927062970903718	0.00424229112071463
G[T>G]T	0.00209163735164322	0.00145742287565032	0.00420781107345992	0.00450688439720745	0.00515994075859941	0.059148469991591	0.000794557271030326	0.00189626349472591	0.00460545492718341	0.00620035425184625	0.0295027796139279
T[T>G]A	7.77442886706385e-06	0.000978596460300693	8.57556456617427e-06	3.95556210690932e-53	0.0161318014709726	0.00831742800414354	0.0026559570619883	4.33121977311642e-28	0.00768929300439142	0.0139039806064863	0.00921115833411893
T[T>G]C	0.000789490446739144	0.000709553980772653	0.00297159951211085	0.000151814112195714	0.00951807447222829	0.00576895575333121	0.000545321033038107	0.000339491144953681	0.00103076232017522	0.0082289398127784	0.0149194595565141
T[T>G]G	0.00288812518658828	0.00148368365558345	0.00778072943197482	0.0030093068105298	0.00317401452701132	0.00415508941159716	0.00173468681031332	0.000987533273317548	0.00426390760360333	0.00315968371578344	0.0101561985930542
T[T>G]T	0.00449484071915052	0.00414717331186602	0.0110774365917256	0.0131932338091422	0.156125717141076	0.0695491309552006	0.00518614897559292	1.42612725676325e-55	0.00632228772000719	0.0649046775475499	0.137128506516893
