SBS1	SBS4	SBS5	SBS11	SBS13	SBS31	SBS37	SBS40	SBS44	D1	D2
A[C>A]A	0.0231407552019344	0.0542494377250936	0.0394082740421527	0.000240897422074081	0.0268582235803855	0.00567478784739153	0.0117620512818747	0.0300800415409286	3.30785227671884e-17	0.0584032053417841	1.16463669588208e-18
A[C>A]C	0.00747018626316336	0.0350397149422363	0.00163147039362226	3.23985131992439e-15	0.00875208116358486	0.0206750690920256	0.00217239514634045	0.0290160040988677	0.0035844199957864	0.00200799041295245	0.01604529813475
A[C>A]G	0.00334241925103984	0.0158431528911399	0.0044021577670639	5.42209704277003e-05	0.0110517308954239	9.14894165926504e-19	0.00355483641379641	0.00146088294861893	3.60809097343984e-19	0.00120367004621048	0.0251438851016667
A[C>A]T	0.0101625895866073	0.0401363699998847	0.011619207341497	0.000668335635924584	0.0202351321782656	0.00784535659046479	0.00568321910702666	0.0218491287617634	0.00232983252929385	0.0031983452036129	1.12433771207346e-13
C[C>A]A	0.0194576061157963	0.0756486915761643	0.0229166805205781	0.000907493112316326	0.0290914774552479	0.0145196172914289	0.00602927144176463	0.00957070463833635	0.00682185007010943	0.00398262185721428	0.0269761442524282
C[C>A]C	0.00107366607550922	0.0697038224402499	0.00116249119913342	0.000309653401087831	0.0108675041379019	0.0235485733616252	0.00485004003716872	0.0129536358143897	0.0143168826015682	0.00730153796591127	0.035344489318779
C[C>A]G	5.35924867062105e-14	0.0181534409855852	7.40176218058388e-10	2.49213397276848e-17	0.00721841797901954	0.00317123691393554	0.0056050028568876	3.71369453967202e-19	0.00324478278032205	0.00432161630311331	0.0522537278204291
C[C>A]T	0.00888875171804323	0.06298895808749	0.00563258871677402	3.00568591616692e-05	0.0183627602114048	0.0632184095081136	1.36364057604402e-07	0.00520245304604448	0.0302456258635383	1.84678481597904e-07	0.0137822407220271
G[C>A]A	0.014989901537063	0.0411404134243334	0.0203268770360144	0.000187513603132931	0.0123895623560106	0.00314387427606178	0.00243881890354992	0.0251683665873246	3.60809097343984e-19	0.00410484886221745	0.0203934179524426
G[C>A]C	0.00307741322864094	0.0368768100573686	4.71679196309043e-06	0.000105549372320661	0.00546258624320618	0.00957885236121431	0.00195805113907321	0.0231519097961842	0.00275817373858569	0.00235555712979576	0.0354211854287806
G[C>A]G	2.42268523947736e-07	0.0146046815443007	1.61437566899417e-07	1.98540471905156e-13	0.00581540423914547	0.00136095466603667	0.00365871028772784	0.00110327510607467	0.00042436736737536	0.0041325669057735	0.0489624164686775
G[C>A]T	0.0131335066819316	0.026618417267677	0.0164215703509123	0.000317004715684181	0.00710953057447093	0.00523073529291723	0.000984908208425858	0.0126038106782628	0.00159201245991985	0.00405994387010516	0.0168696340144058
T[C>A]A	0.0191540439222152	0.0491123904919488	0.0266411004257524	0.000462929036492582	0.0304259946673432	0.00617444722275313	0.00801927614559061	0.0133717647352196	3.60809097343984e-19	0.0048778509333675	0.0107359155845652
T[C>A]C	0.00431919901580309	0.0532359058063811	0.00676931125332752	0.000564526144288585	0.0159773275514415	0.0119693274108386	0.00483314160814737	0.0143176953722527	0.0032237945651533	0.00367837491670422	0.0375410852675157
T[C>A]G	0.0022148854335834	0.0103343280549136	0.00354970472587203	1.14606470319241e-19	0.0015966299478848	0.0010264319118686	0.00175375836059169	0.00153973873839036	0.00012670119190422	0.000608053930911195	0.0253029060071859
T[C>A]T	0.0159780371277262	0.0535090419950511	0.0302417448648504	0.000621860677521446	0.0112326898164518	0.00854910713292023	3.52810756044579e-11	0.0260296214566576	0.00500404965415913	0.00326099874119492	0.013366200818448
A[C>G]A	0.0151908247868697	0.0153098628693648	0.0123479680375852	0.000174187153782725	0.0129482748618023	2.4245389832007e-14	0.0128476121685399	0.00844074934423547	0.0017953463216784	0.00276812277600858	0.00028979437102874
A[C>G]C	0.00326469812203973	0.00599598551857726	0.0047697850304981	0.000214242797389371	0.00195009538286005	0.00334069023942731	0.00786796087070498	0.00564289876833755	0.000781853333227226	0.00606176536491695	0.00762058685736332
A[C>G]G	0.000636020257342451	0.0024084427480423	0.00344122112188315	5.04062885566651e-05	0.0023247602896463	9.14894165926504e-19	0.0062907858005115	0.00170097744636316	3.60809097343984e-19	0.00377635459670786	0.00663742550785297
A[C>G]T	0.00812077449210659	0.00705850996252787	0.0147368491331596	0.000215591242848553	0.00322222727420052	0.00471661981609287	0.00866278685153399	0.008286853848161	0.00126146941200018	0.00441834009665049	0.00273827837195297
C[C>G]A	0.00188358436274221	0.012188879292372	0.00374136469957702	0.00020691283079819	0.0116254675163775	0.00343461960740852	0.000125580688906815	0.00718436164438232	7.70409310664065e-14	0.00371206491020794	0.0085123151899247
C[C>G]C	0.00102712679885605	0.00913512074632349	0.00552334546510999	0.000193627665558307	0.00258594325682567	0.00561462590193185	2.59067385885581e-19	0.00730730410007327	3.01242363054352e-10	0.00283941053910491	0.012796587128324
C[C>G]G	0.000231299963163371	0.00405273282814034	3.82183167146567e-11	1.14606470319241e-19	0.00457565966990213	0.000617297368625625	8.70174319578802e-05	0.00235668504664129	0.000324628678816502	0.00102036511441004	0.0164407319898984
C[C>G]T	0.00249265753493143	0.00989334380977746	0.00720907718191746	9.46373067921775e-05	0.00431120582865686	0.00589975396296423	0.000185854173731463	0.0107001617549947	3.60809097343984e-19	0.00281441079128564	0.0119711734258615
G[C>G]A	0.00537242739936899	0.00936364925657709	0.00643533433802476	0.000154967217004034	0.00495741275861837	0.00060637379488162	0.00937496257497463	0.00280052462387206	0.000637698638708602	0.00510317577779644	0.00525215860676522
G[C>G]C	0.00213114786832325	0.00901611879019321	4.28779704236264e-06	9.51518291937417e-05	0.0041858388695422	0.0021623607417054	0.00612760275115146	0.006799358984594	0.00294159996530297	0.00550714180061339	0.0143498758886134
G[C>G]G	0.000728794294258762	0.00421012283742446	1.56208790516724e-09	4.09126194090254e-05	0.0009543485436569	0.000399720089628601	0.00362429185107384	2.64613240708676e-11	0.000320265425071366	0.00308050087088437	0.0158566851790559
G[C>G]T	0.00576791346913143	0.00595126744795517	0.00477438051098864	0.000190155489091398	0.00434114078437259	0.00222326214697512	0.00625555420496222	0.00506897268795788	0.000891703808498491	0.0024305527360045	0.00586864507636877
T[C>G]A	0.0110953170991912	0.00108723375152834	1.57789633645957e-12	0.000412122147358649	0.115890383868878	0.00155481101986403	0.00407740479673177	0.00256183608757951	0.000731086428538551	0.00371239702983012	0.0131269982732453
T[C>G]C	0.00722221109967107	0.00983998394561965	0.000276099346592955	0.000347746348406249	0.0305777924528228	0.00395104911164181	0.00326194540901699	0.0070747366469592	0.0010223945520133	0.00383245111719492	0.0172399231290398
T[C>G]G	0.00484012735327125	0.00169056569697459	6.80181831203802e-10	1.78345052129585e-05	0.00835000254793937	0.000354933546765179	0.00335375097410412	3.33244936208095e-13	0.000106606785848188	0.00258107139359528	0.00827078314422308
T[C>G]T	0.014765691988238	0.00491794710253069	0.00025844588754836	0.000473352669901861	0.123859036270965	0.00728332546014103	0.00370387957373677	0.0126746134541568	0.00206684703902204	0.00546002590576366	0.0140054065618543
A[C>T]A	0.0511014931854256	0.0143409064123419	0.0245270873945717	0.032528531926591	0.00167388062464179	0.00696241056814578	0.0180263974269955	0.0169581658127005	0.0346878872059979	0.00666706662757291	0.00454236419850756
A[C>T]C	0.009782664259345	4.14220794847103e-06	0.00965578463399288	0.124738166992149	0.00249981253786131	0.00369697146042363	0.0246320153242377	0.00985425360550896	1.77119374661235e-09	0.00283363631975551	0.00783894976647937
A[C>T]G	0.0765010626649978	0.00358810665964938	0.00293181176873001	0.00262284712180953	3.26288144324746e-05	0.0021292477607951	0.0103862341027624	5.64440212612744e-05	0.0613994227092854	0.0284356896780642	0.0113995971023808
A[C>T]T	0.0242503105485154	0.000431655069651442	0.0144982928631704	0.119431457223081	0.000570371373434148	0.00726742760285303	0.0388097650442144	0.0147452532544071	0.00303158805248733	0.00804921601086269	3.97203278902336e-17
C[C>T]A	0.0372017640666698	0.0153819820360372	0.0227989522722597	0.018546676995634	0.00033189718756767	0.0234257004224714	0.012532356213438	0.0159899359267594	0.00553616267798653	0.0116241610055308	0.0234040289093337
C[C>T]C	0.00571791377385023	0.00875750537690588	9.29940169086456e-05	0.0798080909011471	1.07450301745188e-08	0.0961765995759301	0.0194170828599263	0.0331325584384283	0.00631218663878881	0.0144099361734968	0.0141729446776257
C[C>T]G	0.0412143563857925	0.00244947074193376	8.6632414132106e-10	0.00241057545984161	5.36044338903801e-11	1.98049442027739e-06	0.013939772130868	0.00745221501142455	0.0346673693498947	0.056250995819255	0.0376361997270034
C[C>T]T	0.0308465979001591	0.0164382657629538	0.00724580692140005	0.0763830814670006	0.00913324298888683	0.0755238024893039	0.0128850375710929	0.0383785123484493	0.00720173519047611	0.0113502829981176	0.0116360187157076
G[C>T]A	0.0155625437704824	0.00643400227443087	0.0219092786341995	0.0275356672410629	0.00256352427094661	0.00235384792197797	0.00718430456819866	0.0081916938566476	0.0448101846883315	0.00976622693976831	0.0160415529789904
G[C>T]C	0.00286704350835229	0.00199848562550267	0.0110687444661418	0.10848673665169	2.17156255755437e-06	0.00373772959913716	3.20885489102239e-07	0.0122055193612338	0.0441342010489128	3.15121924273958e-11	0.0184325052769974
G[C>T]G	0.0399377021328877	0.00274127530809827	5.22116754374669e-08	0.00293866529902941	5.27981990532753e-09	5.12396023270312e-13	0.00159293213037634	0.00713413125987073	0.0565341369311844	0.0410518319530526	0.0223992794578388
G[C>T]T	0.0205929028037441	0.00361657338702478	0.013109249150977	0.081295208048219	0.00225085868326116	0.00351969609427101	0.009855642783496	0.00580360422562444	0.0373288907268608	0.00380222079983748	0.0107713158301414
T[C>T]A	0.0322291542498829	0.00201118677488919	7.25508287309317e-05	0.0226323413788163	0.128434937176298	0.0159821055665967	0.0104432382602394	0.0256349467705482	0.0115113749355492	0.0156586954204121	0.0167986653628681
T[C>T]C	0.00548915105901549	0.00308445360525971	0.00857927969115415	0.122820116005972	0.0208942320545901	0.0163353613762165	0.0124671878331672	0.0326272842568209	0.00406326781912167	0.00228685292841673	0.0233490053847174
T[C>T]G	0.0494798970337076	1.57166552912594e-19	2.69459405396711e-19	0.00210185606726748	0.00939753555612947	0.000380035246204778	0.00950610267235082	3.71369453967202e-19	0.0245532621152168	0.0341660416700829	0.016356491806121
T[C>T]T	0.0289630609607733	0.000311508055620506	0.0146423212277015	0.122238920009669	0.0535493798666072	0.0110774242342197	0.0227699271833272	0.0322172065361913	0.0022805764202394	0.0912201749287486	0.00598849979743098
A[T>A]A	0.00496767748110238	0.000810731764706148	0.0305409900962073	0.000252791699807198	0.00536940709731282	0.000602628200620078	0.000451122545966045	0.0105650662495165	0.0144214656792674	0.0834664537402299	1.16463669588208e-18
A[T>A]C	0.00979907532348208	0.00440415259741834	0.00202181467691442	8.36207422529677e-05	0.000429594264765481	0.00412991668046722	0.00262899747203854	0.00870815883780741	0.0104021543484959	0.000242199315744817	0.00298116570941394
A[T>A]G	0.00825894535047091	0.00994892590882607	0.0147010108023438	9.67453608603336e-05	0.00198062020339589	0.00636560069393708	0.00621030982762079	0.0108723287373336	0.00103100338396888	0.00172486966206466	0.00817923174118428
A[T>A]T	0.00662436870140627	0.0045885962900217	0.00815779894411172	0.000283788469354774	0.00392630303427314	0.00516730463461311	0.00307702286840355	0.0209746788804116	0.028963244313359	5.85323706967615e-19	1.16463669588208e-18
C[T>A]A	0.00662281063678285	0.010021189130869	0.0163658434180922	0.000157470019859064	0.0115251115191042	0.00832483864336991	0.00721280264871184	0.00615258101066372	1.46472603820628e-10	0.000344808368145164	0.00185036808935625
C[T>A]C	0.00118058267928099	0.0078535607172545	0.000150151000670543	1.14606470319241e-19	0.0108901616057703	0.0172694976534804	0.00652141922753275	0.0127319484533569	0.00404473327620671	0.00262748374061319	0.00808629369472371
C[T>A]G	7.93566007261539e-13	0.0231032176538046	0.0130090924077669	0.000307947300355363	0.0094877237084215	0.0115849932588405	0.0133141434782228	0.0116295525763447	0.000912054670384562	0.00365442742728754	0.0283616904984493
C[T>A]T	0.00348013188018374	0.00780028046280009	0.0110260120493788	8.75539818063689e-05	0.00889472538507932	0.025566116863104	0.00869153885720021	0.0205021981291152	0.00112716262062765	1.67573880770103e-09	0.00678883271775266
G[T>A]A	0.00502333525438722	0.00734585588384035	0.00964059481005937	0.000219310634434367	0.0138059398304366	0.000431129587695729	0.00286759168174721	0.00234414844089242	0.00241508117658752	0.000187441515510641	0.00512308703363285
G[T>A]C	0.00710853365004078	0.00269348709852175	0.00306676777202716	0.000121244744575697	0.000653656938072257	0.00262054876686975	0.00197291564766274	0.00431794798711098	0.0067144110976434	0.00137205976338387	0.005006901684054
G[T>A]G	0.000249569399568379	0.0110017912961661	0.00934173258891601	0.000164743640094267	0.00686224590711439	0.00203044371259456	0.00946212213691827	0.0057277275512137	0.00248752408697277	0.00354748258013699	0.0128454464022741
G[T>A]T	0.0047122985364309	0.00528396324597738	0.00373480129372174	0.000333056587863958	0.00509698726422212	0.00243924920612576	0.00746055502426035	0.0111528314624816	0.00373428197588402	0.000758806573357478	0.00315153645103627
T[T>A]A	0.00297277053641669	0.00503946147411396	0.020051550918949	5.52535522537303e-06	0.0143901263371085	0.00360004115041641	0.00360318254294358	0.0198583540103959	0.00867036994081696	0.000609641683368213	1.16463669588208e-18
T[T>A]C	0.00100683970899426	0.00349786048387647	0.00467426434285837	0.000117618136846823	0.00147391213975059	0.00451765680426295	0.00415274196310618	0.00911956738080771	0.00247755309710174	0.000376925317478338	0.00345310994385224
T[T>A]G	0.00165685646315943	0.00859839615873514	0.00843977695836573	0.000200487077043165	0.00667239651326461	0.00114686857621943	0.00581677138981056	0.00681800560806784	0.000556895955539718	0.000754370500425621	0.00560628440515871
T[T>A]T	0.00125966796612374	0.0037678667915837	0.0130496777626644	0.000355955614192315	0.00463173595841583	0.00300405723508451	2.59067385885581e-19	0.0363767667419217	0.016758775000529	0.000269962335096522	0.000786042575041071
A[T>C]A	0.0398138102500965	0.00552654384173196	0.0769346372085469	0.00389172987038304	0.0168023877432837	0.0539202988331688	0.0436000753445034	0.003922558239502	0.0227677643631493	0.0123070826070748	0.00214347350660113
A[T>C]C	0.0216056169002713	1.61775770437399e-06	0.00377528332684026	0.00375544088233687	0.00413719603769391	0.041745606661931	0.0326305195197942	7.04960098333809e-05	0.00781364140986495	0.00808878707517749	1.16463669588208e-18
A[T>C]G	0.00836822226075909	0.00457244623724131	0.0486161656968887	0.0014531525469503	0.00657037151215805	0.0240354291187729	0.00593294029796636	0.0111363618647585	0.0225205918307975	0.0308278296285187	0.0195254831031967
A[T>C]T	0.02457231829601	0.000955049175122925	0.0318603886869512	0.00238579595622753	0.00931435096833071	0.0413217290156928	0.0326279326289082	0.014707265251424	0.0120508979721747	0.0139813997539507	0.000115450627521014
C[T>C]A	0.00653937507466706	0.00498385466274216	0.0244963570263771	0.00140024700433534	0.00828607457460153	0.00531610341275156	0.0539861269303654	1.25152637662653e-05	0.0225361546601433	0.0191021947005335	0.00207301609312481
C[T>C]C	0.00163744606219411	0.000915227605449744	6.2106837861577e-09	0.0030918332494034	0.00458592213970471	0.0207275603514188	0.0413596441786336	0.00626985168909089	0.00915575467152353	0.0221527386997007	0.00609228030565549
C[T>C]G	1.29594571046823e-14	0.00361911595955537	0.0239789616785937	0.00107951343999135	0.00261149746034281	0.0049175655257884	3.02497361013622e-11	0.00411236209855634	0.031336304802853	0.0461844595480978	0.0222467304092752
C[T>C]T	0.0152321457822931	8.60029369509342e-05	0.0156442565251357	0.00122039871735238	0.00828118642702944	0.00574109763081433	0.0454245196711296	0.00691098196243716	0.0188866705984946	0.023867882953131	0.00776393770756099
G[T>C]A	0.00339596279530652	0.00149942629706454	0.0357569166315158	0.00573042670169198	0.00414005117988693	0.0450890159721753	0.0190498387398532	8.78340789989615e-17	0.036626047405512	0.00750449444011526	0.00815526868323614
G[T>C]C	2.36043258145164e-08	0.000841529242846054	1.74320973801655e-08	0.00507388362214401	2.28748617527464e-05	0.0408986690611912	0.0346255036426169	2.21816582208003e-12	0.00936219511571274	0.0274445249453265	0.00193991158392725
G[T>C]G	1.68995957422941e-09	0.000380590298899713	0.0222035280435774	0.00298735061099199	0.00120939457848759	0.0343374620236585	0.00354286166784193	6.60522725644717e-09	0.0239618151594627	0.0451364007008187	0.00981852320324456
G[T>C]T	0.00602694874885039	1.67143026486195e-06	0.0151701586382721	0.00378572390192357	0.00775341439999942	0.0348592884032584	0.0329884502480384	0.00514589522981327	0.0219697125380881	0.018210060510951	0.00243284937935522
T[T>C]A	0.00846904404539329	4.62758879083501e-08	0.0423126918886704	0.00135631920449742	0.00365158282892821	0.0144983242951914	0.0273972044873418	0.00305701231909029	0.0382968614401913	0.00287055076640334	0.00040415213962971
T[T>C]C	0.000806752928136016	7.29227051611659e-08	0.000634653826635821	0.00244689273189953	0.00440225664305775	0.014402740819406	0.0458122729588857	0.00983769641933986	0.019189833376726	0.0160724826344683	1.16463669588208e-18
T[T>C]G	0.00228746910132883	1.42351917399054e-05	0.022557139027858	0.000595001780110571	0.00161854465067854	0.00317837879733652	0.00617247966258107	0.0018918295630035	0.022220014091015	0.034979864960922	0.00294640602494188
T[T>C]T	0.0196561957157857	1.30363018644353e-16	0.0171612747836121	0.000823412997266425	0.00219248184983895	0.00269811928957693	0.00905847527206366	0.0338195767599354	0.0679033574910927	0.00420527918375758	1.16463669588208e-18
A[T>G]A	0.00799463420960067	0.000961059840295758	0.00593299109314912	1.14606470319241e-19	0.000425106667816851	0.000716687512441449	0.00926115303263535	0.00542277557003897	0.000416222371143855	0.00200021258994171	1.16463669588208e-18
A[T>G]C	0.000875425270765373	2.59197509348228e-05	0.000862332793910487	4.01329164710517e-05	1.46976158446746e-05	0.000215876726637783	0.00979611330533632	0.00191215839102095	0.000925749658406933	0.00288079094005302	0.000955423752309363
A[T>G]G	0.00652998649991018	0.00102121676579367	0.000801502466736838	5.64375504072416e-05	0.00187997402406636	0.00112145221715137	0.0133879642348321	0.00907226675116533	0.000836900398697766	0.00521034351667544	0.0012176086812128
A[T>G]T	0.00708636128554524	7.92129053831861e-13	0.00335337739218446	0.000146936387471694	4.18387664122432e-05	0.000724532015570614	0.00912142536268121	0.00532076742799003	0.00179740271613771	0.00431961422761	1.16463669588208e-18
C[T>G]A	0.000601912309859348	4.09555621855399e-08	0.00701452896989879	9.89976083775323e-05	8.88028681390617e-05	0.0014679157167116	0.000360577887726339	0.00282085606104325	3.60809097343984e-19	0.00208865098004896	0.00204068162162634
C[T>G]C	5.71701944068102e-19	0.000434775333594151	0.00229224555366142	0.000183961789112194	0.00101732465992007	0.00248270311314494	5.32192015559557e-16	0.00463751711181277	0.001607912261472	0.00428258346052971	0.0027984055962633
C[T>G]G	0.000365058861883522	0.00295955107449655	0.0033279879816121	0.00032971553192977	0.00514720013536282	0.00186426602347383	2.78633107930191e-11	0.00866163390940838	0.00139064937385587	0.00315110961493933	0.00934316625882706
C[T>G]T	5.71701944068102e-19	2.44811510619541e-17	0.00598378111160819	0.000441489461191701	0.00151507541571632	0.00208945001506364	2.59067385885581e-19	0.0102704828880583	0.00191278013000355	0.00288997628170503	0.00391398795131597
G[T>G]A	0.00300513997363111	0.000422276980894846	0.0013524238154174	0.000141597579205278	0.000323086740507532	0.000221227638818406	0.0123821195882135	0.00160266996559505	0.000211731731888322	0.003469274630872	0.00142093215282372
G[T>G]C	0.00216427981428407	0.00012855513733761	2.69459405396711e-19	8.96589957391866e-05	4.85990141108685e-19	6.03496402212238e-12	0.012304217580092	0.00103461377467514	0.000496202399679587	0.00627124795123875	0.00126055744846003
G[T>G]G	9.21327502287759e-12	0.00241582925658342	4.48514386093836e-11	0.000205673846078809	8.49781314857299e-07	0.0019385094981257	0.0101292627365329	0.00734902011814403	0.000584852227428967	0.00636237933511745	0.0145350625625056
G[T>G]T	0.00357900532200581	7.67463305984297e-14	3.65916384422884e-09	0.000198270202278452	0.00173806120859342	0.00147587354200023	0.0101997152425483	0.00733906541954163	0.0038877977032408	0.00375291053049527	0.00102857652926959
T[T>G]A	0.00455449140298044	0.000283866807601488	0.00683651992517083	5.13227671972605e-05	0.00517491473281299	0.000993550879599031	0.00669365376823828	0.00627884061904354	2.70741613489014e-05	0.00189441698724911	1.16463669588208e-18
T[T>G]C	0.0094181099227099	7.47391425993783e-07	0.00252241429538467	0.000113240619939284	5.5425833294827e-08	0.000955984161628836	0.0111678092101578	0.00201198200963368	0.000270364705399036	0.00367451582815562	0.00183887256264485
T[T>G]G	0.0143831657031006	0.00128453071819295	0.00349317880772491	3.14331422624237e-18	0.000337043201284104	0.000813866973832643	0.0103061030369047	0.0151360524965566	0.00892210214109213	0.00461166252905336	0.00188591658381211
T[T>G]T	0.0131961939697548	5.83750666954368e-16	0.00177397022703364	0.000166754311605853	0.000184601244168726	1.32589787778759e-05	0.00363887794419626	0.0359822336805396	0.0207916885342571	0.00607879606397458	1.16463669588208e-18
