SBS1	SBS2.13	SBS3	SBS5	SBS6	SBS8	SBS10	SBS14	SBS17	SBS18	SBS26	SBS31	SBS44
A[C>A]A	0.0207683054927724	0.008675224236341	0.0137247854782971	0.016838981146967	7.6673009281831e-104	0.0379731310719127	0.000947046198216465	1.38459772448752e-159	0.00519398696895681	0.0275494150971198	0.00460698020673278	0.00501961436461261	3.83812492630159e-67
A[C>A]C	0.0125372652324569	0.0046731361429595	0.0104072702098401	0.0107240209438688	0.000843915062767211	0.0317358402145015	0.00272951559789528	0.00187320776695625	0.00777594869338403	0.0136313780089395	0.00257448561771181	0.0147142445725984	9.24034539092927e-11
A[C>A]G	0.00300494186270373	0.00114719581054459	0.00209351817382954	0.00240373007609948	2.18128583645138e-110	0.00355835942783084	0.000261744168904559	6.17286702986665e-05	0.000437840942428992	0.00728012097652518	0.000698533914774733	0.000513771975807968	6.99666650583961e-155
A[C>A]T	0.010645014629746	0.00696828791162977	0.0108375403389217	0.0110536891981023	0.00244980042161159	0.0350180239496419	0.0146133198387252	0.012312180188772	0.00596720639019629	0.0227179951972937	0.00342006023798336	0.0044813953596752	0.00179285527303358
C[C>A]A	0.00953257693470939	0.00692589010604033	0.0109836232540509	0.00988896795001712	0.00915042926014015	0.0305446190368067	0.0025871509844195	0.00508192068144983	0.0061756792203575	0.0326468075001232	0.0035335095630863	0.0237742516576735	0.010135854526192
C[C>A]C	0.00516197030854381	0.0070220526226968	0.013131274819078	0.00314226024321017	0.0173118320250277	0.030402575284745	0.000951089076129303	0.00323215588138711	0.00333452157669451	0.0175609420796961	0.00428985919698359	0.0216348875753983	0.0209667040428239
C[C>A]G	0.00148539702026256	0.00122876386668354	0.00203101292269636	0.0018230033603105	0.00261654448988443	0.0028438596395756	0.000236699757177342	0.000675429637650247	0.000602274152959165	0.00795899522432722	0.00244448597208722	0.00197111088041889	0.00490209184274365
C[C>A]T	0.00667803030073192	0.00569768337197428	0.00907354151165006	0.00868463400012255	0.048473778358619	0.026158486218883	0.0137365571123258	0.0458187440519348	0.00470107149520049	0.0330363595085832	0.00893270939501624	0.0691879589531443	0.0560837534713876
G[C>A]A	0.0141617608424948	0.00271409458089939	0.00121545466466325	0.00673125314521271	1.03206478904831e-08	0.0147982945315582	3.86270648109226e-58	0.00182328508603389	0.0101922644772263	0.0359010654454692	0.00193895179799739	0.0097812299227852	0.000294752607635367
G[C>A]C	0.00607437239850019	0.00240207021217028	0.00500239634863413	0.00540222304635973	0.00177516889727539	0.0121053713668769	0.00117638008913843	0.00350540960593202	0.00986004193022579	0.00612069227962078	0.00275512024177742	0.0244431336021995	0.00246132145177986
G[C>A]G	0.00243862632078325	0.00105077874999661	0.00118115123207436	0.00228082942526754	0.000195030763661076	0.00190092250960286	1.54978948825191e-152	0.000289802485362256	1.75586544443491e-07	0.00522235371392171	0.000737428387368794	0.000488947910974856	0.00051670773166168
G[C>A]T	0.0088237464547601	0.00364865670919819	0.00430051882514425	0.00252313203239872	0.00547594178322224	0.0166905374525738	0.00577744857929347	0.0263511755423765	0.00424392458683426	0.0256898076744551	0.00329196760659449	0.0075060688949672	0.00624280440857457
T[C>A]A	0.0159679046745575	0.018849595149754	0.0066766360874353	0.00924365108771212	4.81367607549533e-16	0.0197753812943166	0.0638229061226615	0.00615600603972088	0.00612684424644556	0.0406249855939317	0.00414883994571478	0.0070136062448	1.1240870296592e-23
T[C>A]C	0.0129500391562522	0.0113281943888985	0.0104022095117509	0.00765994085930357	0.00168403168999371	0.0227647199413894	0.00714943290368988	0.0075491030278907	0.00373082472465507	0.0306198529043252	0.000896317010376945	0.00566521333589179	0.00130937049500069
T[C>A]G	0.00202872595102466	0.00165666155400516	0.000871389653826941	0.00170736708413742	5.72398675124749e-60	0.00183083392152823	0.00213665727011635	0.00023019969042794	1.82641458072705e-08	0.00548085000351023	0.0007815872654622	0.00011612257835435	8.95882885151263e-41
T[C>A]T	0.0213831098609457	0.011714728312707	0.00381631832544816	0.0121247716806045	0.00891934345796988	0.0258508447436951	0.378708693834658	0.10720830847966	0.0086806624067217	0.065205248140117	0.00732166152373756	0.0093205490916764	0.00791118743383958
A[C>G]A	0.00511697415585451	0.013366703635052	0.0253440973403085	0.00853889645159132	0.00244689768690132	0.0132908871829065	0.000520968925047742	0.00155987539664968	0.00135078237162552	0.0134502417371834	0.00236026020070588	0.00393414176660375	0.00220835080379991
A[C>G]C	0.00206414638723567	0.00694406023461319	0.0141478641121141	0.00377170980091043	0.000624686340111131	0.00658297880815346	0.000184002686922194	0.000489613569880424	0.00150059803350938	0.00947215053705875	0.000808531298795725	0.00171719396892986	0.000658920578270058
A[C>G]G	0.00115218653323543	0.00284192288214433	0.00648218466410077	0.00422246780799506	7.67634718401533e-141	0.000475776035463037	0	0	0.00041331501251483	0.0206716557241295	0.00189983912540154	1.51334189020281e-13	2.2839995621347e-08
A[C>G]T	0.00466462517578218	0.0127521154530519	0.0264692577622933	0.0072834490721144	0.00201495490354884	0.0117018771706305	9.77416691649999e-05	0.000307831826213973	0.00445052634293744	0.0112137270684373	0.00312319075637968	0.0035772947062398	0.00176814401181704
C[C>G]A	0.00144090395058008	0.0102189215422973	0.0170900628649752	0.00343290771196596	1.0335729548123e-56	0.00887029932333316	9.95533245956243e-257	6.34523624365261e-98	0.00117154622787953	0.00409666320450855	1.00610809056237e-33	0.000742798083598658	4.95748529380432e-157
C[C>G]C	0.00184617023612877	0.00749651270538316	0.0152244783325054	0.00407626894055086	0.0005473584235529	0.0089403889293326	1.58410575280702e-17	3.69385499093939e-108	0.0014026683893994	0.00442229714077358	5.64016445324215e-10	0.00276663124801804	0.000532246662962636
C[C>G]G	0.00113840948019992	0.0025577331397984	0.00498278428549071	0.00146515631775165	3.65247675199963e-05	0.00111771555100385	0	0	0.000137998513902981	0.0157258821596251	0.00076222938635442	0.000162261908079924	0.000102844139778782
C[C>G]T	0.00328917187547604	0.0141314991067574	0.0256057376352957	0.00363667754501587	0.000164302213390868	0.0117409481675913	2.09293713320132e-240	2.09796339430854e-05	0.00171829384234585	0.00909934986251208	1.7312159687819e-102	0.00412336034064524	2.94174703179834e-61
G[C>G]A	0.00115743135433737	0.00583415617651059	0.0127641456020101	0.00278862044162814	0.000518576684929139	0.00501051590612149	0.00032546784937127	0.000943073745728604	0.00160661821873329	0.00292157148234801	0.000589654551038023	0.000789560583845151	0.000410730887067289
G[C>G]C	0.00204796494027034	0.00489579554371588	0.0095839008356204	0.00301653390839198	0.0016445506075388	0.00152476490293282	0.000119965226374334	0.000486093052941045	0.00762938395244187	0.00167773061777523	0.00170820518266465	0.00268626951302317	0.00178142015045054
G[C>G]G	0.000257351646636917	0.00182359384602769	0.00395495573710893	0.000974942869149189	9.30187430302429e-05	0.000705967544821511	0	0	0.000162425382497327	0.00599111582389887	0.000618960690191928	0.000547477671391065	0.000141222800612085
G[C>G]T	0.00190327067004737	0.0107115123395441	0.0176966047806366	0.00125524912659682	0.00125416583043181	0.00670748047093782	0.000114083888000885	0.000411213699255872	0.0064942841403159	0.00445746292620578	0.000932359895427735	0.00378842499392447	0.00124953472974174
T[C>G]A	0.000161164435452919	0.0875889531268543	0.0260315285009057	4.23137977658095e-08	1.81208930301564e-17	7.22838824967888e-05	8.32007171418231e-258	2.60110760392541e-58	0.00282590099902972	0.00622343740926751	0.0063916526220806	0.00309813911888376	0.000688377077490896
T[C>G]C	0.00293435358432413	0.0256242671718113	0.0225525959563483	0.00304362584527821	0.000248629412379819	0.00855763341333766	9.9354057484127e-15	9.74766064674966e-05	0.00198703296302767	0.00560173674870471	0.00173556726386311	0.00196284475756687	0.00021617614518855
T[C>G]G	0.00120397195944285	0.00518286894809553	0.00377381692422062	0.00217305921259253	1.0232623434084e-90	2.04021395424605e-07	0	0	2.3144849591178e-21	0.00806408882364191	0.00073496309476163	0.000432568656474273	8.41469488315831e-05
T[C>G]T	0.00564722643112445	0.110804037813382	0.0448737263148599	0.00118511233041894	0.00131165043639651	0.00895633814587491	1.45386081750949e-268	0	0.0108796457821709	0.019580275066122	0.0100122288128547	0.00627338820668173	0.0024417182249497
A[C>T]A	0.0229284668436912	0.0112617471806601	0.0145999879865881	0.0284322496086763	0.0745325575243157	0.0238291313840855	0.00196287432245038	0.0135731666180195	0.00502170211930699	0.0235098994857327	0.00815413595331096	0.0108538043505946	0.0669893773306879
A[C>T]C	0.011944332349234	0.00542822225873912	0.00802598881505961	0.013470191109581	0.0113590316808692	0.0115701890565258	0.00385377869403876	0.011830196335119	0.00260362168917559	0.00818302825027904	0.00315922716720465	0.00686166744124656	0.0124961652113349
A[C>T]G	0.135157756545007	0.0097925375766394	0.00599375941671293	0.0358999854095761	0.10905647527854	0.0042443025846973	0.00496303548463633	0.0239447660423792	0.023084651194911	0.0246769292380507	0.0013862256820224	0.0224504144826335	0.0322054011753847
A[C>T]T	0.0160852391964326	0.00875060157358104	0.0144901081113646	0.022307518973259	0.0149634290802902	0.0253559527336511	0.0072561458323709	0.0129880164183947	0.00339092187858869	0.0163193747669793	0.00213551468921353	0.00719424206616328	0.0135413705028263
C[C>T]A	0.014258243666334	0.0092298164893787	0.0109212689970468	0.0228748943521306	0.00713586431396997	0.011726069493149	0.000845491947687633	0.00477442378906732	0.00825922886795548	0.00953677465362465	0.00173545818131344	0.01940826871133	0.00615414981364717
C[C>T]C	0.0113928413466568	0.00462500690801592	0.00749336258677768	0.0162635757803554	0.00895607467497912	0.00407262317307421	0.0017257670000016	0.0087282013042236	0.00513546941420928	0.000858588918735443	0.00404486319762366	0.172394238006391	0.00911572790966639
C[C>T]G	0.0697538001360278	0.00748229673005924	0.00629960399224891	0.0241582377123291	0.0663920108199048	0.00200445427272857	2.23296269670147e-17	0.0192000198851048	0.0128556281261107	0.0272340056416812	0.00468702255652447	0.0143372192398696	0.0250617094882409
C[C>T]T	0.0166586112870322	0.00788557128318857	0.0125806367029621	0.0231379264904108	0.00932535613938135	0.0196043876084868	0.00310496120753074	0.0106153996675335	0.00807806534597942	0.0085620382170527	0.00459358852974356	0.139958352720085	0.00830971142033097
G[C>T]A	0.0131351319665123	0.00863622168394488	0.0111467000409962	0.0130871563500252	0.0565455891867715	0.0113851730622678	0.00214891775057225	0.0219338256814239	0.010466418198521	0.0105746511515359	0.0031767840930782	0.0147209943919703	0.0469157299201947
G[C>T]C	0.0157778861724391	0.00553335360911347	0.00822765053563226	0.0129920114118133	0.0409024746821035	0.010694631117557	0.00887091293114808	0.0379726150268495	0.00592495837713721	0.00847709236638509	0.0113188963545479	0.0143198594405123	0.0464939047490915
G[C>T]G	0.0888504883501858	0.00802777232974934	0.00481677020735685	0.0204288261912117	0.0953481476558878	0.00311547585192972	0.00623635678720522	0.0510578324221677	0.0169025258404443	0.0223217361380815	0.0225730591784353	0.0143627464863749	0.0536140914895938
G[C>T]T	0.016097989166663	0.00491764547370897	0.00820434314938838	0.0150122608034342	0.0363869718538362	0.0150341114467779	0.0117989628215869	0.0364236025457668	0.0049957271043976	0.0126573660211247	0.00596139894462449	0.0118586982096373	0.0353180677951148
T[C>T]A	0.0170130409114573	0.110819658562056	6.53831546383059e-06	0.0217336903861347	0.00645634049221697	0.00929626958738528	0.00492522378743929	0.00786523246964197	0.030770397962223	0.00433596723551817	0.0069084834597029	0.00130245508827981	0.00474513332775187
T[C>T]C	0.0187280297696376	0.025707102134556	0.00462202327768949	0.0274649660904585	0.00753302573815875	0.0136047934586328	0.0141207699619405	0.022274380452154	0.0177176064180212	0.0082912343868345	0.00231951758034899	0.0133303752997046	0.00652402341099311
T[C>T]G	0.0530231691283894	0.0150950662400997	0.00111031801350564	0.0148582614029184	0.0361097392612707	0.000693491213632984	0.0671278896447328	0.0418487362124823	0.0127302107716839	0.0149333806244352	0.00131217789914718	0.00799275319456163	0.0114457113932635
T[C>T]T	0.0196009049347326	0.0639710306528343	0.00339762415081086	0.0318300975746733	0.00831955281141407	0.0149093890147906	0.0390896890068142	0.0339999955774907	0.0267283323278951	0.00995739688842127	0.00748995257384539	0.0100761742819703	0.00739674495867608
A[T>A]A	0.00933969543196574	0.00326870930310048	0.00593735832468379	0.0150332968809688	0.00215002888274362	0.0107998872356669	0.000704768857748016	0.000893220286750195	0.0070353809625208	0.00800359102820942	0.0172854798614335	0.00487892054213217	0.00280928250819453
A[T>A]C	0.00717912593427812	0.0024618597976622	0.00450294231873765	0.00873291640715558	0.00327445858987657	0.0103120901516833	0.000137464973759716	0.000611188139665886	0.00524221179017224	0.00546028443956285	0.00417673116443586	0.00242045337726083	0.00297707614074724
A[T>A]G	0.00701291941684556	0.00502415508279037	0.00777290251045865	0.0112139760536277	3.71689501706771e-103	0.0155536896945583	2.32449974522042e-123	0	0.00324652424090076	0.00865639266515958	0.00337749849004994	0.0034991450912273	1.74735018423564e-133
A[T>A]T	0.0150921391790479	0.00494720217832004	0.0067413424292859	0.0187198004187937	0.0185398991208629	0.018259557757318	0.00436454936878356	0.00529524794030243	0.00859694514303534	0.0143248974147881	0.0376401137982005	0.00521222452740336	0.0240190035967325
C[T>A]A	0.00145597891275323	0.00326899408578757	0.00597696692422705	0.00659614776823262	1.95831041593744e-38	0.0114936331014474	0.000207216713921723	9.16578314872133e-05	0.00369762329271717	0.00385405784515248	0.00333157509292083	0.0231008542400708	0.000291703771350629
C[T>A]C	0.00213584083262506	0.00466129316058976	0.00799511066615623	0.00534308102620339	0.00369248305146782	0.0198059593332075	0.000133119578485476	0.00121488842250839	0.00826856691604967	0.0060545242903793	0.00509125686307813	0.0163044761326307	0.00381491023348079
C[T>A]G	0.00199980073192758	0.00481389039202654	0.00935400599023096	0.0067047983734302	0.000408240841642148	0.0150798176242611	0.000236235809536868	0.00020802524230294	0.00638413314069516	0.00310428177128135	0.00314703278771184	0.0284335035638774	0.000620866037056389
C[T>A]T	0.00450354688028238	0.00531476358955046	0.00905901241431742	0.00896696553087921	0.000421810429764079	0.0259533455140634	0.000401453068109528	0.000967519925802564	0.0277914187267247	0.00175317454838327	0.00205813795298702	0.0460495239740554	0.000337158900133878
G[T>A]A	0.00255427808076398	0.00236194319364387	0.00528204953204013	0.00516551221312086	0.000453691433118598	0.00854007738846607	8.3896324176361e-05	0.000167946584873227	0.00152297926922355	0.00380551575998112	0.00578958821468164	0.00163395527431756	0.000975100256256283
G[T>A]C	0.00137189558651029	0.00277313331634308	0.00500949774091316	0.00153143850504642	0.00176223286627642	0.00834102557955152	9.08833153761714e-05	0.000847348632385679	0.00206209787540973	0.00368092124126619	0.00258443544513363	0.00091011645174724	0.00172783929808613
G[T>A]G	0.0024188326446771	0.00381969469611137	0.00611090221061222	0.00426870133903487	0.00170051947218874	0.0119268779291288	8.58460803428684e-149	7.43315252114729e-05	0.00154604120207283	0.00751421327689134	0.00557886560705755	0.00333748290958175	0.00200847292153106
G[T>A]T	0.00320618093660997	0.00450619091803634	0.00801415154648129	0.00381825482703045	0.00201437295695401	0.0198995736471032	0.000440592075029086	0.00093485912164174	0.00497941834989923	0.00575786221824979	0.00382601914692884	0.000334503905433455	0.00186776488401451
T[T>A]A	0.0139361049346192	0.00633211585906088	0.00836304833839474	0.0130726351128629	0.00791543737619907	0.0109037757455176	0.0011018372473817	0.000728463656508409	0.0104749616300881	0.0132648635056867	0.015885912360318	0.0064662248014911	0.00905597655072025
T[T>A]C	0.00263587549886776	0.00359206254760688	0.00807339488328236	0.00646617050806223	0.000635828933091196	0.0131676071299669	0.000924334452039804	0.00145315706378622	0.00326677017025607	0.007241354019393	0.00188923949383528	4.47868649969786e-17	0.000672622841738552
T[T>A]G	0.00220764364296731	0.00332710876438374	0.00574479493692581	0.00579806040743717	0.000344096106491191	0.00825470431362222	0.000954058690214584	0.00022730883927537	0.00233256566263907	0.00335301901973114	0.00351924523284462	0.00281785563618125	0.000911582591517046
T[T>A]T	0.0122706959280167	0.0103202117359424	0.0118195792839137	0.0144920303216091	0.0155896956288215	0.0275461165800398	0.00687764563443391	0.00355611780768757	0.017461731455437	0.00658030659981674	0.0229496562487387	0.00374222483455012	0.033040035562373
A[T>C]A	0.0218179307056894	0.0123093699663021	0.0239726297535194	0.0357730141410068	0.0193885992046502	0.0104339324848995	0.00570970526465198	0.0219566776385492	0.00683541322837816	0.0137666832730956	0.057598843946322	0.00606698986880757	0.0243092595551179
A[T>C]C	0.00585874040172706	0.00688890602400977	0.0129384418453499	0.0139118152921208	0.00598603893136305	0.00767326824100413	0.00305653512846376	0.0115445676869763	0.00345880496216565	0.00426310426942591	0.0223451696399097	0.00276378449323547	0.00860691289292439
A[T>C]G	0.0122630266596395	0.00908672058850989	0.0191803344136261	0.0251363824316993	0.0170537504699219	0.00872203871851009	0.00314652427694791	0.0107461430331127	0.00330815622043605	0.0129526051362058	0.0484540161215547	0.00530258653729484	0.0296863642782812
A[T>C]T	0.0183156123635965	0.0128153422546891	0.0253287976210558	0.0402479209725475	0.00357304538428609	0.0131254698437269	0.00636045050375485	0.00975895135920484	0.00628279036885966	0.0153790960828805	0.0150817559598571	0.00577872320310142	0.00474657738503844
C[T>C]A	0.00462021127674755	0.00670537199476183	0.0138450921115046	0.0142052780248196	0.0132402807576193	0.00423876058915136	0.000815310269404935	0.0035521824618765	0.00580481494502397	0.00500170700084248	0.0342543027347453	0.00464749477451805	0.0170101584525084
C[T>C]C	0.00363268324353806	0.0099284437881776	0.0183695791079538	0.00997835633655868	0.0080150294640355	0.0117150785212237	0.000677583887625557	0.00626455389126336	0.0174582174856989	0.00403009721662453	0.023337336287775	0.00955270581979503	0.0102827919334155
C[T>C]G	0.00504505336568639	0.00661941594551981	0.0133434988797163	0.0147003046974533	0.0209082697993881	0.00493297599031551	0.000982690529966879	0.00542320763183404	0.012167928391833	0.00643451603383417	0.0511876618949405	0.00553904107592695	0.0359256831165938
C[T>C]T	0.00597939821425092	0.00941497305737798	0.0156151843014885	0.0139862271547377	0.0126788818387672	0.00728593153666396	8.39127136806649e-29	0.00410053246006309	0.0591073516391158	0.00443629124338292	0.0362872064712457	0.0117544873314076	0.0187555863387936
G[T>C]A	0.00859482494486379	0.0065615609183737	0.0131927953529845	0.0149980040635833	0.0165543417418682	0.00442655050743743	0.00681920701212562	0.035315956419362	0.00284832740675643	0.00403766309340184	0.0511619520959226	0.00443181839064425	0.0261611061729836
G[T>C]C	0.00488513908633288	0.00431368535731185	0.00849334495792314	0.0107378876498208	0.00567929110845592	0.00409063536945767	0.00473655761502719	0.0323372050786821	0.00606987288024527	0.000148788370998095	0.0185846396884077	0.0081020992501158	0.00933370546933337
G[T>C]G	0.00601055896038437	0.00600195504962529	0.0115715952393617	0.0120659999634405	0.0124522921159551	0.00442397595761236	0.00324395113059372	0.0261187243787314	0.00428146265085508	0.00423567280735233	0.0388809709609347	0.00217797305139917	0.0237063637611482
G[T>C]T	0.00958286789092369	0.00625298309440927	0.0148718199322954	0.0207699029994565	0.0085527784289365	0.00576448482921132	0.0118456659348712	0.0284699214065885	0.00763864708563585	0.00563006566442665	0.0250280941364426	0.004451252591292	0.0120621669386392
T[T>C]A	0.00834222505566513	0.00839984624762373	0.0185483357397876	0.0151363168792173	0.0158917160974967	0.00527155468045654	0.0059298231240861	0.0134179629053207	0.00658022492881438	0.00584931886856433	0.0384540165880436	0.00308811534380166	0.0203488218229452
T[T>C]C	0.00637045076308874	0.00851341971237358	0.0163037879120461	0.0138196683789349	0.0121651399748146	0.00707131789232669	0.00577636686559186	0.0144738885662741	0.00743481850160606	0.00806847784585625	0.033336542326002	0.00319229138514666	0.0182950871742462
T[T>C]G	0.0045987998948734	0.00449355630727681	0.00998918289094428	0.0110239156676065	0.0126338264174286	0.00259383903377099	0.00450983540660247	0.00957089706580768	0.00343869057067075	0.00395438849610023	0.0281824672930922	0.00193241401938351	0.0200033139891747
T[T>C]T	0.0140589588851002	0.0164870130384234	0.0195833259668387	0.0209767011430223	0.0356100914384589	0.00770377729014428	0.0117486000712516	0.0140849520261706	0.0123848683215709	0.00645047093329096	0.068171127650258	0.0029654226761924	0.0708442853039835
A[T>G]A	0.00348204374557231	0.0040182525165824	0.00818660336946735	0.00482525522082375	9.8042027612333e-83	0.00230749608813865	0.0038377541141909	0.00111334837926578	0.00452364918542363	0.00497800798869494	0.00557925041087181	0.00458517769892997	1.37213761101912e-26
A[T>G]C	0.00119733868901638	0.00114320657409631	0.00325843520460272	0.00241541400164378	0.000388854551000083	0.00163251072417392	0.00310176130362354	0.00394396522489709	0.00382040650120968	0.00203434709948211	0.0045015643688114	0.0005602785962477	0.000732130018826862
A[T>G]G	0.00228653802544629	0.00556052189039692	0.00923739706626492	0.00639775582652397	0.000268258388713177	0.00837473096427254	0.0019118345547607	0.00175021821657613	0.0022520810998171	0.00824469660927308	0.00313910748704037	0.00305674089958106	0.000348720341991372
A[T>G]T	0.00400008090414275	0.00376144020860686	0.00669527903466224	0.00516636005243947	0.000711114312011104	0.00232754691289761	0.0261613750837642	0.0210458414931075	0.0299068864917952	0.00604829623680749	0.00854961938612985	0.00318681103250994	0.00178016579731679
C[T>G]A	0.00137207213615411	0.00263232201612517	0.00521229626058857	0.00416651004792189	0.000285848788659376	0.00218507569316411	0.00406080062625617	0.00225112950154822	0.00305627803838172	0.00188709724211302	0.00233661599349624	0.00128641650079304	0.000397346805137837
C[T>G]C	0.00123448923796464	0.0030431320330501	0.00641972012272465	0.00238968478331546	0.00185394618716114	0.00405498633427933	0.000969148887710088	0.00295156959021126	0.0143222131518989	0.00206049657920983	0.00935828182453304	0.00239053901256717	0.00344570064127477
C[T>G]G	0.00149955713844006	0.006360171002093	0.0118554010550784	0.00458242278721414	0.00211769434040301	0.0074986818387463	0.00258570407819582	0.00370395650875425	0.00724355826856828	0.00600744644994554	0.0105637125844918	0.00414401406919987	0.00402672928402527
C[T>G]T	0.00242565666513253	0.00236845853282126	0.00358792934346947	2.61917882546126e-05	0.000527034572085633	0.00177547635176648	0.0130758258869591	0.0190273837766327	0.206462527409685	0.00422205091547139	0.00701728370473286	0.00369569220581991	1.75635819668991e-09
G[T>G]A	0.00087690224818768	0.0023303740653914	0.0052187920607887	0.00320537548159809	2.51045722700422e-112	0.00267068395473821	0.000544105972370492	0.00144014058529292	0.000821268217180411	0.00248355938479233	0.00180916947705809	0.00108747091555618	9.4841921676406e-05
G[T>G]C	0.001350098090189	0.00165946632230622	0.00312795644863827	0.00190157179314724	0.0001918591291569	0.00160538756070834	0.00083466540521167	0.00385589611865028	0.0037817903413623	0.000122745504853305	0.0020142015156245	0.00144126012776561	0.000534981924308802
G[T>G]G	0.0015034885456931	0.00652381090700906	0.0103296772262183	0.00438590464043948	0.000401768667391046	0.00852374575187357	0.000342433847361907	0.00233057705105247	0.003295475830913	0.00303807821634105	0.00260128536673487	0.00448461234628088	0.000579873682588672
G[T>G]T	0.0021281924808669	0.00378518163848174	0.00708408779431787	0.00239735903995136	0.00255674261593618	0.00375409730206293	0.00208941752806912	0.00990442109141452	0.0438304167744842	0.00259411257662622	0.0105281681628916	0.003188322364521	0.00623447156286676
T[T>G]A	0.00322048683601041	0.00547394537555902	0.0105845290985267	0.00566378843114528	1.96028858586635e-83	0.00247000872754797	0.0202123731994356	0.0033787151704892	0.00502042890726902	0.00460273255876852	0.001512201071308	0.00347717931939125	0.000279715323343065
T[T>G]C	0.00225294688442072	0.00303566132246536	0.007327848680072	0.00388350882548978	0.000205803365280739	0.00345824916752452	0.00793433811849234	0.00836207166301813	0.00507138429956368	0.000672351287908177	0.00230050172029616	0.00124257140686082	0.000546442163241528
T[T>G]G	0.00297515468327938	0.00583165242203727	0.0116451065676879	0.00685291978336568	0.00225716627981338	0.00707746019799385	0.0035995815158334	0.00180482843324705	0.00318323375999939	0.00381352063259055	0.00549310147660564	0.00232153541896025	0.00453530229262114
T[T>G]T	0.00882487537681157	0.0112451931293929	0.0150610672840958	0.0112994713847744	0.00982395616498234	0.00562422709745381	0.142494367789405	0.0632131073510845	0.0689788708350726	0.00979653507228434	0.0192125965249356	0.00530598715463149	0.0300277165305315
