SBS1	SBS2.13	SBS3	SBS5	SBS7	SBS8	SBS11	SBS17	SBS18	SBS26	SBS30	SBS31	SBS44	SBS96
A[C>A]A	0.0190356690068573	0.00523204802307315	0.00720080718371014	0.0231595896352529	0.00203128075509267	0.0349843752657338	0.0174319892675959	0.00741033484312819	0.0426420325695137	0.00343770242070509	0.00549541192932333	0.0079846483872501	0.00111730794036999	0.00336452191705271
A[C>A]C	0.0121403059883253	0.00477951776608704	0.00640733391223932	0.0116741505774522	4.87870305525869e-22	0.0332911130964378	0.00643148096488836	0.00550434271842654	0.0146457737121044	0.0044501382772343	0.0016300440221672	0.0340471605714756	0.000696756097267949	0.000358540720880103
A[C>A]G	0.00405495057464824	0.000564613447792846	0.00212249437569315	0.003399192469671	6.25170757249867e-05	0.00395401839206886	0.00177332953362958	0.00127481390896117	0.00250509659359319	0.000160257979269785	0.00038932679990434	0.00227124087563781	3.65778660028734e-158	1.38440265410333e-14
A[C>A]T	0.00935576148377602	0.00583818871709063	0.0104737108184199	0.011090235047281	0.000851326832828995	0.0414323085475932	0.00802915173142306	0.00488011068355061	0.0235347853457185	0.0072359908205351	0.00162447064658751	0.0072006720221414	0.00930795640800798	0.00262256589725662
C[C>A]A	0.00934448970615732	0.00609417476920084	0.0157670014454876	0.0137287471536117	0.00171323112375186	0.0301792642172166	0.00436491102603233	0.00931294420177633	0.0399461809476881	0.0117418867130044	0.00392717943503985	0.00812368725496679	0.0141394981008071	0.00359414823509693
C[C>A]C	0.00579937411366133	0.0042834041382716	0.014492222834868	0.00380482608086126	0.000818015639251731	0.0311057791028397	0.00324518488745069	0.00173879813729824	0.0139919690829059	0.0151526921884885	0.00251656363691828	0.0145206343751652	0.0231139250726856	0.00441049298940848
C[C>A]G	0.00179353930437103	0.000382445157576763	0.0022068964013426	0.00377627930981244	0.000319160452020493	0.00222646288683234	0.000234615690269842	0.00146400145064031	0.00575415253406882	0.00355868673290109	0.00141867009934217	0.00109470993698508	0.00262544196898343	0.000981146899159063
C[C>A]T	0.00591484811223359	0.00462614041714261	0.0122677475526013	0.00271873701340477	0.00298310196540082	0.031508758746499	0.00283043279455191	0.00626332325807998	0.0339988081149359	0.0424954928591375	0.00372784353024562	0.0550787620396597	0.0854971018207495	0.012429838009955
G[C>A]A	0.00408965070663571	0.00454295056859549	0.00682924113793734	0.00610719647690217	0.000645668646125248	0.0160666668499299	0.00124768409023066	0.00886557208784633	0.0746831029166655	1.05149573981628e-12	0.00548303044214968	0.0178852471811587	2.85347088138712e-83	0.000913306722848823
G[C>A]C	0.00528751184496874	0.00236902319202496	0.00523000486464917	0.00558676362871679	8.4924781844872e-31	0.0191035610680775	0.00112973740163907	0.00426029214735374	0.0140981924563906	0.00311094532943659	0.00104705641544325	0.0464961967732796	0.00365153413577045	0.000699118598066758
G[C>A]G	0.00276878500133168	0.000248019786208136	0.000992447988063032	0.00231485829065463	1.42343895486166e-05	0.00150001216569033	0.000147072182808086	0.00105889478809907	0.00455673520346253	0.000326097736460015	2.84593589405758e-05	0.000368754773113292	2.92798424520408e-111	1.06698520125909e-177
G[C>A]T	0.00200221225411503	0.00291752935141752	0.00625968923337181	0.00296922343333595	0.000206628730714624	0.0167631093634279	0.000838421824297336	0.00439752175457607	0.0488707830824487	0.00816880432503407	0.003330282187644	0.0063164560502258	0.0121573665034512	0.00288313317717545
T[C>A]A	0.00522151702712339	0.023865719266169	0.0122743318445419	0.00554541003927102	0.00205945517931811	0.0109380987096289	0.00529520939925702	0.00678832076132431	0.0642561057740634	0.00278047525650973	0.00679699848706285	0.00745553261541212	0.00252758673640382	0.000781239587522509
T[C>A]C	0.004113582398511	0.0120232760470018	0.0131289516754283	0.00981148611472428	0.00296458456772775	0.0164439121296684	0.00326354132808186	0.00427847552083239	0.0344655161882744	0.00375815434946692	0.00359466416391998	0.00757792777947709	0.00490498567764722	0.00111230788577968
T[C>A]G	0.00275533017969666	0.00201997558856541	0.000380874440959369	0.00266295778695906	0.000178764186569863	0.000886224815848089	0.000432410450037594	0.00078940168252831	0.00560233340136226	0.000352039031876247	0.000587444078573947	0.00050750805762934	7.78907009417157e-160	6.20345691181643e-202
T[C>A]T	0.00662276519828482	0.0181052328517042	0.0100881114545152	0.000239881470247702	0.00283742635494556	0.0161169135756902	0.00541740990524447	0.0124011478626744	0.109037216046564	0.0197646562839683	0.0103052631539523	0.00524025498779861	0.0260146787401851	0.00141647071975464
A[C>G]A	0.00580536467016572	0.00296161266586909	0.0226707500599182	0.0112160092731117	4.14811668535803e-18	0.00946378344163815	0.000492991185309899	0.00379954554606221	0.0105318427173561	0.0039370790593335	0.0044974684910356	0.00139586877847759	2.0957524834855e-53	1.72648414734939e-53
A[C>G]C	0.00355496792487569	0.00141215687556376	0.0140545426242345	0.00649630121525669	7.54926838727488e-05	0.00349496483275327	0.000671144545767791	0.00195002059820982	0.00346968745117736	0.000632051449358675	0.00316893989800841	0.002066954612175	3.61364817963619e-124	4.76090295471302e-117
A[C>G]G	0.00205950659318467	0.000303999774855542	0.00478984980601272	0.00236272415126648	0.000241728324702387	0.00211853051200238	0.000126277575574813	0.0012425531647508	0.00374745038386507	3.78215000402521e-06	0.000408725088367782	0.00361560140009632	2.13962334166021e-87	7.37527405762441e-05
A[C>G]T	0.0042639179823503	0.00462079325871828	0.0266626214150645	0.00576457080639319	0.000606230088311789	0.00914263315960665	0.000790464485649464	0.00395786191911999	0.00494905319491225	0.00989900204860512	0.0053871401723567	0.00200415165761515	7.9233808651888e-47	3.12954433763921e-143
C[C>G]A	0.000814494254449559	0.00415175310893555	0.0177872405826597	0.00581594050041117	0.000128751079030284	0.00451499108419249	0.00038327462267093	0.00390259833490967	0.00512783509796164	1.6282146169334e-113	0.00339485951068497	0.00302553249995802	5.59978539804528e-121	5.06403548874685e-40
C[C>G]C	0.00181112032758698	0.00134229163762743	0.0142533198941912	0.00632848772159315	0.000205052004685852	0.00531182022518641	0.00040272728459626	0.00287210982223811	0.00513772890981734	1.71790963893969e-13	0.00315783040989325	0.00335812189584537	6.38071530852177e-12	0.000137823489259844
C[C>G]G	0.000956943161627071	0.000548617202334444	0.0041919203378337	0.00190953350022395	0.000441016397066665	0.00144272803383614	0.000165401411886042	0.00100144028867439	0.00140016610027496	0.000840906535506201	0.000831574689117086	0.00249416887948479	0.000136479313919781	0.000106209548024404
C[C>G]T	0.000618574769192669	0.00583082573612132	0.0285691350436582	0.0111085598212633	0.000579972111473399	0.00640174581486488	0.000646752196471097	0.00402745257802614	0.00844698718956321	0.00058281842198138	0.00546500189878953	0.00174954410639612	1.99540114726144e-14	0.000334933427215728
G[C>G]A	0.00109391001470512	0.0014851479779976	0.010291915258166	0.0042513011355282	4.27350950124954e-60	0.00363978424624705	0.000253432495780627	0.00238041938896825	0.00223861840334537	0.000710164340946252	0.00109634710790264	0.00267706741524807	1.04661302323827e-39	9.48645600145561e-65
G[C>G]C	0.00237035448121603	0.000815102176971498	0.0114820093599258	0.00442887536239979	0.00019220343005141	0.00512175706309523	0.000559489685088	0.00275107061571171	0.000514760812708472	0.00258199032543567	0.00161134161868146	0.0188409063271683	0.000687798808509859	5.17695419139462e-97
G[C>G]G	0.000416517991482583	0.000205801052421891	0.00221870059010478	0.00185722719437793	0.000160411947920616	0.00125411928132573	9.74847973103311e-05	0.000244506261398877	0.00072189831676289	0.00024679218101508	0.000509572203347597	0.000855749367575112	8.06744582232592e-05	5.4421721574253e-66
G[C>G]T	0.00205134525311044	0.00334636395599999	0.0158203949266105	0.00546318944243249	1.70627653098917e-08	0.00527878450809087	0.000351413844538007	0.00239743131657426	0.00485316565920357	0.00470263676464997	0.00180822019956362	0.00447887101130008	4.33623289856449e-08	1.51804678937143e-68
T[C>G]A	0.000117252007528317	0.110139170991545	0.0408644617157912	3.30010927647196e-06	1.4969903003818e-26	1.52865406218554e-05	1.03225682938804e-31	0.00217480189440913	0.0086028889773056	0.00279477789187266	0.0124257242860801	0.00743752621043671	0.00213137354829779	1.00749724890789e-109
T[C>G]C	0.00151419700390553	0.0272844285793017	0.0298207775042696	0.0074998305220307	0.000871979789308617	0.00357855698252741	0.000992623461502492	0.00417421549988778	0.00649404507078658	3.69988715748641e-241	0.00823867407369217	0.00304663056700477	8.53510113761133e-48	3.46342681492478e-44
T[C>G]G	0.000822541979337654	0.00410987256860612	0.00376978105777582	0.00227009928391053	0.000190925236505753	0.000770604742102477	0.000204195407338512	0.000891682830280671	2.00014110485279e-05	2.99182941482442e-05	0.000748323857907644	0.00262002562552127	1.18884715848395e-223	0
T[C>G]T	0.00267102348958109	0.148383370017833	0.07904286958312	0.00640388982320211	0.000303381101885513	0.00437376758276604	0.000809732227364126	0.00724597877498236	0.00828210232913474	0.00801550132809549	0.0196061403903593	0.0121234565890987	0.0058562350182603	6.41651030799828e-52
A[C>T]A	0.0347361175676523	0.0102884875803015	0.0146219112981314	0.0532173757634388	9.2602810471436e-20	0.0258640408434885	0.0705350098047695	0.00877780463160258	0.0062640312918251	0.0036313704526579	0.101188238552069	0.0073853072900254	0.0364201338425955	0.00853051942290892
A[C>T]C	0.0191513312021696	0.00322290712572542	0.00653341331449054	0.0234018213066793	0.0221652553656747	0.00980902981179624	0.0782445648987338	0.00393525846953585	0.00484339443984152	0.00416936347672033	0.0655356652716801	0.00574191835821223	0.00828774480003218	2.87433066510673e-08
A[C>T]G	0.144122519711132	0.00781447928313502	0.00396856440137612	0.0470965885944961	1.09722901420429e-07	0.00605505967946458	0.0137609919741302	0.00579012299221282	0.0286004202348625	0.00275157456952687	0.00519488191830824	0.00404456268475823	0.0680410157175126	0.321375682291008
A[C>T]T	0.0139015100826014	0.00686504180649997	0.0141366787023022	0.0291744287053404	0.00952035623613307	0.025503170158114	0.131900904075525	0.00433170197392772	0.00915494218824253	0.00420490912155516	0.0113715022093613	0.001389663989503	0.00887409534717956	0.00261962679045119
C[C>T]A	0.0214225021762863	0.0161785144023473	0.0170996410120181	0.0259510189770584	0.063850565722819	0.011098279435023	0.0372306482975809	0.00878612756053762	0.0087753390969151	8.69911678075052e-12	0.0863456763008793	0.0172351588585161	2.91295793956923e-32	0.0016492444891068
C[C>T]C	0.0165459831786034	0.005446067760336	0.00966838273353526	0.0259296954652522	0.0983323149397936	0.0114769214075812	0.057832346040098	0.0082091546467846	0.0104491670562465	0.00447953966749007	0.0746384042091756	0.164182937632905	0.00744369975373258	0.00170403004545831
C[C>T]G	0.0714697397242898	0.00690847454613831	0.00256573336517836	0.0210068513824272	0.0113495751774386	0.00245576831753046	0.00540313688881699	0.00324425428270897	0.0220448604901167	0.00337692360681644	0.00714475941724361	0.012115829982914	0.0377969233702071	0.186499975717984
C[C>T]T	0.02436029632931	0.0107837173065477	0.0206184504370321	0.0338989158532287	0.0809468078260117	0.0270150382795955	0.0787602103001526	0.00729068298730242	0.00844098252319881	0.00756622386907643	0.0236430903831857	0.108670138853899	0.00494102374471835	0.00195354967991446
G[C>T]A	0.0175057572673354	0.0064847600307254	0.0098106575281879	0.0254318598689597	2.78443726169703e-30	0.0106906808856745	0.01999439251992	0.00723832094424348	0.0134386558248339	0.0037871787425702	0.050567063346418	0.00892670691447482	0.0281758422700206	0.00471084083264446
G[C>T]C	0.0186795284144178	0.00377196914886563	0.00915366369957598	0.0193202021666801	0.0133063482928178	0.00785482138756322	0.0316129386401951	0.00440140113938562	0.0135955347285386	0.0161823923870646	0.052943712972365	0.0193559180346524	0.0370910586577834	0.00377652310460468
G[C>T]G	0.0969156622663541	0.00657650981847462	0.00406500743792723	0.0152542823548149	3.54920176566428e-05	0.0032490341940586	0.00481484673719559	0.00490224692312048	0.0242143508842196	0.0331811813132997	0.00474984175127164	0.00753680246084062	0.0654388593666299	0.165722868468065
G[C>T]T	0.0162434621346384	0.00652147159663074	0.0106329825083391	0.022118978734124	0.0100429123745535	0.015210999316005	0.0619650819648438	0.00505125844680849	0.0109029089295942	0.011424972438787	0.0087110531189327	0.00788813287770483	0.022634445540372	0.00283652860855568
T[C>T]A	0.014398633643063	0.195078097014637	0.00844235066375011	0.0182968179164721	0.12191655491998	0.0119249446834259	0.0542643462481624	0.00747949007470186	0.00165187523267122	0.00178127074230533	0.0990553634336964	0.0055051706953384	0.0108316359893501	0.0056574616847497
T[C>T]C	0.0153238639759485	0.0498299953515439	0.0114873783522339	0.0248840847028361	0.274011279897222	0.0131435799807375	0.101322072674691	0.008775837099407	0.0123369156045282	0.00503729233093061	0.100874113098135	0.00452348777496584	0.0117297260842779	0.00283074518364097
T[C>T]G	0.0538767665513153	0.0213644941930218	0.000618078459306072	0.0163160782231508	0.0489379457009734	0.00249288508463558	0.0160502016974339	0.00282280005894978	0.0143886331073819	3.61551326219137e-16	0.00887990484001576	0.00476702081181715	0.0167207226065391	0.118228396698587
T[C>T]T	0.0106008282088256	0.11427359610608	0.0102454384698103	0.018581040524497	0.109832705995211	0.0191302239710354	0.100796502739862	0.00945724255211392	0.0109124451437495	0.00665704132090261	0.037726850875376	0.00303358654528049	0.0140507342217749	0.00450823602437818
A[T>A]A	0.01323391404982	0.00383794217831812	0.00249989240282081	0.00839320121555387	0.00509452929629113	0.0111227817565444	0.00214812062028362	0.00221714453527368	0.00293801106579802	0.00844268173562844	0.00485426189353069	0.00848942515728356	0.00605278013631914	0.00082161422921838
A[T>A]C	0.0102217894192588	0.00227417762020452	6.67794676951968e-07	0.0120808106204872	0.000797497410226553	0.0131733795420452	2.69703937978104e-111	0.00230167953601189	0.00075653300906861	0.00454259537781567	0.000956756316714665	0.00698140521929172	0.00522241967228789	0.00122533549377084
A[T>A]G	0.0094400732566043	0.00202431844796719	0.00376780076647154	0.0172052103287597	0.00117459412869612	0.0154963461329888	0.000631417144812399	0.00232561710646325	0.00136526283894484	0.000585493791910808	0.000838563742251096	0.00139204833778467	7.50157808795545e-102	0.000454280859970458
A[T>A]T	0.0138322036625882	0.00557458300324891	0.00246613300288773	0.010376603336872	0.0104547265404106	0.0212395465193167	0.0025067042071301	0.00502471699980182	0.0112489510170351	0.0307411210196947	0.00343028829380773	0.00437240951452406	0.0228057988800242	0.00234714428170237
C[T>A]A	0.00221335662335715	0.00249643603335196	0.00507614978743276	0.00387940470593336	0.000822335400834292	0.0159998013359276	0.000596496127203389	0.00358268293827708	0.00357148931392431	0.00230843758732286	0.000525863176155393	0.0190827700617749	0.00131002027970246	0.000724483808427477
C[T>A]C	0.00151916589010079	0.00237798905180797	0.00164493310467741	0.0054762625662214	0.000949125887003806	0.0247570841962029	2.76249989243891e-78	0.00868647445693437	0.00679874240948678	0.00453791947568778	0.00251868581403833	0.0137928246460282	0.004218118052298	0.00105519731519578
C[T>A]G	0.00119984847445728	0.00114547944635203	0.00651136967849412	0.00810867801075244	0.000405209434258465	0.0212005857012419	0.00082022929015026	0.0051387278050003	0.00205606344572069	0.00198180257859327	0.00217548158033289	0.0230233291210218	0.00163690872426064	0.000426990655212625
C[T>A]T	0.00159955338390193	0.0047893675087116	0.0104443195128409	0.00318622444991427	0.00315452481192617	0.0388863384326092	0.000813959653604286	0.0180448858280515	0.0061115306981827	0.00399219157980427	0.00275620689918527	0.0318914236289647	0.00291302362358625	0.000763175310557051
G[T>A]A	0.00284022923774657	0.00233746018830801	0.00175760929788889	0.00407436976231015	0.000839109588779528	0.0102496716969134	0.00202899606867967	0.00281507350583866	0.00321806200113128	0.00210107819931423	0.00151181653320695	0.00529437997689467	0.00165095318032952	0.000871649946645382
G[T>A]C	0.00422333777109046	0.00109009395163172	0.0024460935825057	0.00506970837161655	0.000309107296014445	0.00752356980071113	0.000835941609287016	0.00292478591162366	0.00312634062109094	0.00149640485227136	0.00153480585361483	0.00240497929862117	0.00341703079370626	0.000530000490343909
G[T>A]G	0.00331978895387755	0.00146169264236886	0.0050666825170937	0.0047848367161614	0.000515601073815368	0.0115755251642827	0.00276336719660987	0.00274832515355508	0.00264003360371075	0.00246077167562266	0.000592754867381914	0.00432890704009773	0.00135512243215045	0.000184738444236996
G[T>A]T	0.00263733830932329	0.00225994059276029	0.00646948102932207	0.00310628555854648	0.00159234817225867	0.0227359725842558	0.00103235560678132	0.00584019681316637	0.00644675900263148	0.00414408963003274	0.000484077432979811	0.00173385118412962	0.00294857679816523	0.000817818144905771
T[T>A]A	0.00739044456212672	0.00495869407052436	0.00615428661044344	6.87656664342223e-09	0.00350784618685668	0.0139849125112648	0.000821480109714656	0.00808595920849848	0.0142806413641622	0.0129551893771955	0.00465230397508436	0.0086392146043996	0.0112757298090121	0.000765863860797832
T[T>A]C	0.00290990514683257	0.00247118260901962	0.00244641396275035	0.00407911017724028	0.00252190414087119	0.014140479950868	0.000731617204111717	0.00422892859549467	0.00612141307373332	0.0011992842335961	0.000776391688476958	0.000389143446339195	0.00302881086645455	0.000745639946983114
T[T>A]G	0.00233622703084196	0.00162703456641248	0.0035787843450847	0.00457941581000242	0.00139868872958376	0.00997250249842218	0.0010278809083333	0.00253498787541297	0.00235352941013998	0.000684257009513921	0.0012452682019873	0.0040338305660982	0.000893327289563215	0.000358506169007336
T[T>A]T	0.00485552595392549	0.00756069714594467	0.0115627568492658	0.00276482769702005	0.0195577331276294	0.0394484341876443	0.00556508749188006	0.0114318381072598	0.0094744186243984	0.00844810960982587	0.00421645498167369	0.00453850722703497	0.0132618850827056	0.00404478232956409
A[T>C]A	0.0267415152674363	0.00442113921673725	0.020282497329577	0.0504442271964912	0.000602092150519211	0.00391151775665329	0.00205477139468848	0.0089101299786379	0.00332485859922726	0.0841160858667021	0.0050881737029111	0.0081299188050368	0.0269859585913212	0.0122371360427833
A[T>C]C	0.00571130515556954	0.00149543986079043	0.0139382144004	0.0118620688752818	0.000247817458118429	0.00645812414984624	2.24263757958494e-249	0.00545432582758171	0.005783187268027	0.0221038926356101	0.00216784094080435	0.00478254646857872	0.0058720974219455	0.00183673783905843
A[T>C]G	0.0164471193029618	0.00213181161773051	0.0172054014039597	0.033937486668031	0.000468739376165648	0.00310858903032091	0.000678501172038905	0.00680175329713603	0.000900405912789437	0.0618891674392058	0.00181458517631408	0.00501556327094325	0.0165716313736286	0.00948011208110847
A[T>C]T	0.0220353947748968	0.00342605661455993	0.0207576355895816	0.043194354938543	0.00108784154883512	0.0105425610532213	6.99242023425272e-198	0.0112619326428165	0.00761254048193585	0.0382534175455376	0.00280992725773999	0.00229970010053152	0.0073964733409326	0.00287444833283832
C[T>C]A	0.00553217381106233	0.000900198418205796	0.0118763857264543	0.0110550107811807	0.00132087502782633	0.00455125071872222	0.000924155344410876	0.00931521370874081	0.00312358711767444	0.0376525431895685	0.00719226603006895	0.0115257634572376	0.0164110134155917	0.00190530697593095
C[T>C]C	0.00309138506505568	0.00327226276417047	0.0162904145605226	0.000913536573456778	0.000189380363217465	0.0142299027782132	0.000677100210093434	0.0248266712491704	0.00763489279082883	0.0172229088607573	0.00821280876028267	0.00591199418142016	0.00667892298560365	0.000612249453203125
C[T>C]G	0.00712701914820558	0.00119327093066361	0.0118162357002012	0.00958694853027614	3.68665244557059e-08	0.00388799597876195	0.000508566857812343	0.0225829564161665	0.00295126241342904	0.0423073191984696	0.00745944807204112	0.0101832467171987	0.0164021031954732	0.0016753817451357
C[T>C]T	0.00539080469886259	0.00303654921313058	0.012616257094705	0.00795632588377715	0.00655036093122863	0.00556395242975625	0.0027230309175591	0.0685837134744698	0.00469349521039586	0.0358645413963026	0.00598520516466181	0.0279333412313691	0.016265900527349	0.0015382715217901
G[T>C]A	0.00969230132577237	0.00147108167763709	0.011574289575373	0.0153811139880955	0.000173937251257113	0.0014759845840662	0.00269180221145274	0.00625617851808191	0.00432213694784233	0.0673786158086817	0.00527597547326167	0.0069386143938077	0.0414852045852493	0.0364871567700271
G[T>C]C	0.00497524366196834	0.00169147771867178	0.0108094565292114	0.00994371612187872	0.000119061898558326	0.00449001423449647	0.00156842173315471	0.00731526413480628	0.00339835457360164	0.0147217458508687	0.00265899907784441	0.0127725953256967	0.00924385970630976	0.00162896234012348
G[T>C]G	0.0063422074708524	0.0014194838943848	0.0124547740705779	0.0120149234041133	9.27855427165055e-05	0.00214846833549103	0.00337694263155081	0.00602375424332324	0.00243711981211587	0.0274615343968802	0.00362635935778765	0.00353731908043274	0.0224481993461121	0.00982528203083265
G[T>C]T	0.0120672480922803	0.0023490876968251	0.0160354521176894	0.0219707680475653	0.0107432729253073	0.00168010494148592	0.00383282743918087	0.0096038110456208	0.00205539462500108	0.0411323967793736	0.00214849268569583	0.00484213701660482	0.0221508932838162	0.0157935947853068
T[T>C]A	0.00822671180308513	0.00358587247638042	0.0134150119516058	0.00905068406460679	0.00628810984940532	0.00315925056157741	0.00265394283186526	0.00939918999002684	0.00728572216725025	0.0468412873120052	0.00550132387447839	0.00628248286705623	0.027799641852688	0.00256206865813755
T[T>C]C	0.00348444888630379	0.00378040843790152	0.013799229102682	0.0018930613488445	0.00211269238250638	0.00951836652324341	0.00107587583494269	0.0126343063472843	0.0080056958669305	0.0272476523215417	0.00542286277371768	0.0020280021896029	0.01647781436537	0.00134999703423885
T[T>C]G	0.00487146640554235	0.00117770908189084	0.00657486630213263	0.00532745490543362	0.00274684290695376	0.00375914459592852	0.00114961745049275	0.00649619247801801	0.00292655506029013	0.020198456488226	0.00261838129672174	0.00738825083088917	0.0139317337300241	0.000885918581064814
T[T>C]T	0.00992549593254623	0.0053348285086665	0.0159570247251253	0.0148451487831413	0.00678010582065415	0.0042255236687194	0.00244611725310672	0.0164493676736794	0.0101897702110053	0.0358535174233383	0.00492944109975252	0.00823068796170286	0.0300863388660739	0.00246108021352095
A[T>G]A	0.00455581775678422	0.00136455218539856	0.00758749373714855	2.63749167311762e-07	0.00138359082819468	0.00287406723545266	0.00093190724965639	0.00221648441234701	0.000144133220053967	0.000241146287394796	0.002365017856627	0.00299764297342087	0.00134877898926574	8.03754595408406e-05
A[T>G]C	0.00229877359009482	0.001134577673114	0.00260117309910014	0.00113983452627905	0.000582947976182877	0.00060532356309975	0.00025177786447395	0.00508721803911397	0.000264295232991663	0.000888536379901823	0.000852518610928125	0.00424051748645596	0.00160087627640822	0.000634291331869942
A[T>G]G	0.00354156034084921	0.00128966286935404	0.00702516096145744	0.00311422364342516	0.00113044990914448	0.00696990510950885	0.00170436423001223	0.00328085529099047	0.00226526486494787	0.00159587969717666	0.00150433767312367	0.00266406790437584	0.000860660609525959	0.000546009309549032
A[T>G]T	0.00362012958633914	0.00273561823255332	0.00447663869672572	0.00275144130315292	0.00106496803810779	0.00197546011218338	0.000662216859771004	0.0399042606544273	0.00246695133353047	0.00150662221152386	0.00489493765664542	0.00382431308105709	0.00461261412761203	0.00104719635652521
C[T>G]A	0.0021514521529465	0.000361571094844268	0.00407893398560153	0.0009926640610655	0.000348318993625529	0.00127261949822986	0.000238211629681684	0.00467020517586699	0.00131529333226733	0.000392482907636725	0.000966250124906139	0.00206083643016374	0.0006988392523264	6.49002515947196e-40
C[T>G]C	0.00231241038409364	0.00099339230369391	0.0052431432458856	0.00404816451937593	0.000525125719742709	0.00271022468809022	0.000337675482995149	0.0154088309053645	0.0004600725476577	0.00250038886372985	0.00135115118868963	0.000894281043223226	0.00303482593880851	0.00106921515630024
C[T>G]G	0.00118019900461719	0.000705132221374681	0.00885158564800217	0.0022806518055695	0.00080874481087925	0.00613126250071641	0.00257761544021569	0.0099314937218897	0.00347534275134431	0.00497095688844905	0.000827493810583746	0.00355363823926518	0.00482171188751206	0.00115968266057156
C[T>G]T	3.31574098789061e-05	0.00414476438571791	0.000252501539091034	2.74887560127486e-05	0.00119395975570811	0.000427234450592935	0.00208807870688586	0.201393029330217	0.00152845448968117	0.000104167414885073	0.00191760353605726	0.0064623101637266	0.00411212695185489	0.000756034001857534
G[T>G]A	0.00143083376508281	0.000371511943224133	0.00245251444869698	0.0014807619424136	0.000279493576915036	0.00190178764780742	7.79812999075052e-18	0.00213459940540544	0.00216815177438745	0.00054223648235154	0.00096808799013372	0.00178851006886377	0.000804764054698845	0.000150058564782102
G[T>G]C	0.00192836731551217	0.000438205866840278	0.00272688864510699	0.000828425848357675	0.000205795963623586	0.000671462031794148	0.000192102239183188	0.00559124856833283	0.000483995834212434	0.000180457770887636	0.00063192531328976	0.00679676156244818	0.000857718043650078	0.000278408183603996
G[T>G]G	0.00559720287332816	0.000529045370873094	0.00780701459285907	0.00253744255486534	0.00133638147960879	0.0062432413773156	0.00241994682189519	0.00542498702706671	0.00207484204054	0.00110270628083942	0.00241703905933478	0.00232121453783994	0.000840039426407147	0.000187247961729209
G[T>G]T	0.00242248725476319	0.00143583937107039	0.00416184862998587	0.000864402141356382	0.00200521943471284	0.00138471064989811	0.000861725777517112	0.0553403454747466	0.00166408327920688	0.00151690877343718	0.000688981798046347	0.00123644396098918	0.007299345771329	0.00222803218450932
T[T>G]A	0.00295097685313778	0.00157163240296359	0.0135870174268401	0.00156019173829485	0.00203081972113227	0.00181599323788195	0.000868491655892541	0.00505288494940837	0.00128635734529914	8.09619326222132e-46	0.0024349621750591	0.00734659615713634	0.00126766482239082	0.000421379789054271
T[T>G]C	0.00236012846448653	0.00110571151075897	0.0037966890024067	0.00426756262921919	0.00199869697989027	0.00150179139004915	0.000760040090033782	0.00820064576134568	0.00199593049772395	0.000292323309350338	0.00104778442761474	0.00176865313388955	0.00152777366542531	0.000587301003293898
T[T>G]G	0.000466391946242276	0.00160157570943326	0.00865251699709409	0.00154200490151777	0.00125627595166693	0.00787952504021454	0.00203020149389146	0.00548058744044161	0.00459667836272982	0.00146394773891125	0.00228105373081637	0.00516197279511715	0.0028358106099526	0.00081391656514034
T[T>G]T	0.00721874153464942	0.00500128993387254	0.0133218696131829	0.00437327463495959	0.00529959598982651	0.00601879369565357	0.00184213473056569	0.0848398490161678	0.00751591976417185	0.00213205360201978	0.00604006907252212	0.00242971314304457	0.0121537523337822	0.00192611742962139
